return {
  ["Bio Lay pose final thing"] = {
    {Time = 0.000, Data = {
      ["Head"] = CFrame.new(-0.003107, 0.068928, 0.157247, 0.974945, 0.214368, 0.059397, 0.024066, 0.163805, -0.986199, -0.221139, 0.962920, 0.154542),
      ["Head.001"] = CFrame.new(0.000000, 0.000000, -0.000001, -0.974945, 0.059397, 0.214368, -0.024066, -0.986199, 0.163805, 0.221139, 0.154542, 0.962920),
      ["Left Arm"] = CFrame.new(0.188950, -0.410796, -0.495642, -0.424563, 0.056223, -0.903652, -0.168551, -0.985531, 0.017872, -0.889577, 0.159899, 0.427894),
      ["Left Arm.001"] = CFrame.new(-0.000000, 0.000100, -0.000500, 1.000000, -0.000000, -0.000000, 0.000000, 1.000000, 0.000000, -0.000000, -0.000000, 1.000000),
      ["Left Leg"] = CFrame.new(-0.172997, -0.091352, -0.058333, 0.998833, 0.038187, 0.030689, -0.039231, 0.998645, 0.034198, -0.029332, -0.035364, 0.998944),
      ["Left Leg.001"] = CFrame.new(-0.000000, -0.000200, 0.000000, 1.000000, 0.000000, -0.000000, 0.000000, 1.000000, 0.000000, -0.000000, 0.000000, 1.000000),
      ["LeftFoot"] = CFrame.new(-0.000000, -0.006851, -0.000004, 0.996278, -0.048611, -0.071190, 0.022346, 0.943252, -0.331327, 0.083263, 0.328490, 0.940795),
      ["LeftHand"] = CFrame.new(0.000487, 0.019362, -0.000000, 0.395903, -0.918247, -0.009145, 0.258645, 0.101949, 0.960578, -0.881110, -0.382660, 0.277861),
      ["LeftLowerArm"] = CFrame.new(0.005510, 0.069816, 0.057236, 1.000000, -0.000000, -0.000000, 0.000000, 0.517352, -0.855777, 0.000000, 0.855774, 0.517354),
      ["LeftLowerLeg"] = CFrame.new(0.000000, -0.006430, 0.000016, 1.000000, 0.000000, -0.000000, -0.000000, 1.000002, -0.000008, -0.000000, -0.000011, 1.000035),
      ["LeftUpperArm"] = CFrame.new(-0.006848, -0.402456, 0.425604, 0.427894, -0.843996, 0.323384, -0.017872, -0.365625, -0.930590, 0.903652, 0.392415, -0.171532),
      ["LeftUpperLeg"] = CFrame.new(-0.000723, -0.097399, -0.061040, 0.997108, 0.065162, 0.039099, -0.070863, 0.983110, 0.168745, -0.027453, -0.171007, 0.984882),
      ["LowerTorso"] = CFrame.new(-0.091803, -1.539035, -3.500484, 0.996327, 0.023386, -0.082381, 0.077422, 0.165129, 0.983228, 0.036597, -0.985995, 0.162712),
      ["Right Arm"] = CFrame.new(0.211683, -0.317298, -0.369925, -0.509419, 0.248053, 0.823993, 0.122515, -0.926891, 0.354772, 0.851758, 0.281679, 0.441783),
      ["Right Arm.001"] = CFrame.new(0.000000, -0.000000, 0.000000, 1.000000, 0.000000, 0.000000, 0.000000, 1.000000, 0.000000, 0.000000, 0.000000, 1.000000),
      ["Right Leg"] = CFrame.new(0.396947, 0.130743, 0.066669, 0.970998, 0.134817, -0.197597, -0.092691, 0.973569, 0.208723, 0.220545, -0.184349, 0.957805),
      ["Right Leg.001"] = CFrame.new(-0.000000, 0.000000, 0.000000, 1.000000, 0.000000, 0.000000, -0.000000, 1.000000, 0.000000, -0.000000, 0.000000, 1.000000),
      ["RightFoot"] = CFrame.new(0.000000, 0.000009, -0.000102, 0.953527, 0.157735, 0.256723, -0.016105, 0.877496, -0.479316, -0.300843, 0.452902, 0.839229),
      ["RightHand"] = CFrame.new(-0.000485, 0.023358, 0.000000, 0.276035, 0.930903, -0.239217, -0.025423, 0.255871, 0.966377, 0.960807, -0.260671, 0.094297),
      ["RightLowerArm"] = CFrame.new(-0.011285, 0.074660, 0.066515, 1.000000, 0.000000, 0.000000, 0.000000, 0.275901, -0.961191, -0.000000, 0.961187, 0.275901),
      ["RightLowerLeg"] = CFrame.new(0.000000, 0.036058, -0.006800, 1.000000, 0.000000, -0.000000, -0.000000, 0.932705, 0.360651, 0.000000, -0.360669, 0.932730),
      ["RightUpperArm"] = CFrame.new(0.087670, -0.173528, 0.195096, 0.441783, 0.896409, 0.035746, 0.354771, -0.137969, -0.924716, -0.823993, 0.421206, -0.378973),
      ["RightUpperLeg"] = CFrame.new(-0.016717, -0.066244, -0.093048, 0.965640, -0.221187, -0.136486, 0.215432, 0.974924, -0.055677, 0.145356, 0.024384, 0.989075),
      ["Torso"] = CFrame.new(0.083727, -4.510177, -2.481942, 0.995485, 0.064791, -0.069366, -0.066473, -0.045797, -0.996737, -0.067756, 0.996847, -0.041284),
      ["UpperTorso"] = CFrame.new(-0.042148, 0.018619, 0.016272, 0.999507, 0.029437, 0.010949, -0.031073, 0.977582, 0.208250, -0.004574, -0.208487, 0.978014)
    }}
  }
}
