return {
  ["Bio gentlman idle"] = {
    {Time = 0.000, Data = {
      ["Head"] = CFrame.new(-0.003107, 0.068928, 0.157247, -0.042228, 0.066334, -0.996903, -0.300738, 0.950674, 0.075997, 0.952772, 0.303015, -0.020196),
      ["Head.001"] = CFrame.new(0.000000, 0.000000, 0.000000, 0.042227, -0.996903, 0.066334, 0.300738, 0.075997, 0.950674, -0.952772, -0.020195, 0.303015),
      ["Left Arm"] = CFrame.new(0.991461, 0.064272, -0.303022, 0.913342, 0.236706, -0.331335, -0.398419, 0.687576, -0.607045, 0.084127, 0.686447, 0.722297),
      ["Left Arm.001"] = CFrame.new(-0.000000, 0.000100, -0.000500, 1.000000, -0.000000, 0.000000, -0.000000, 1.000000, -0.000000, 0.000000, -0.000000, 1.000000),
      ["Left Leg"] = CFrame.new(0.106817, -0.052119, -0.015299, 0.907265, 0.019765, 0.420172, -0.248949, 0.830397, 0.498463, -0.339058, -0.556821, 0.758281),
      ["Left Leg.001"] = CFrame.new(-0.000000, -0.000200, 0.000000, 1.000000, -0.000000, -0.000000, 0.000000, 1.000000, -0.000000, -0.000000, 0.000000, 1.000000),
      ["LeftFoot"] = CFrame.new(0.000000, -0.222713, -0.000004, 0.753374, -0.503028, -0.423545, 0.564657, 0.824959, 0.024602, 0.337030, -0.257691, 0.905505),
      ["LeftHand"] = CFrame.new(0.000495, 0.007587, 0.000000, 0.330170, 0.844418, -0.421836, -0.926493, 0.204429, -0.315943, -0.180552, 0.495141, 0.849840),
      ["LeftLowerArm"] = CFrame.new(0.005604, 0.022089, 0.022419, 1.000000, -0.000000, -0.000000, 0.000000, 0.878293, -0.478126, 0.000000, 0.478124, 0.878297),
      ["LeftLowerLeg"] = CFrame.new(-0.000000, -0.221568, -0.002838, 1.000000, -0.000000, -0.000000, 0.000000, 1.000002, -0.000007, 0.000000, -0.000010, 1.000035),
      ["LeftUpperArm"] = CFrame.new(0.229744, 0.039058, 0.697133, 0.722297, -0.562678, -0.402094, 0.607045, 0.794385, -0.021180, 0.331335, -0.228791, 0.915352),
      ["LeftUpperLeg"] = CFrame.new(-0.000723, -0.097400, -0.061041, 0.738992, 0.559194, 0.375754, -0.498667, 0.829034, -0.253020, -0.453015, -0.000380, 0.891507),
      ["LowerTorso"] = CFrame.new(-0.271220, 0.136383, 0.045856, 0.868221, 0.011336, -0.496048, -0.016971, 0.999832, -0.006856, 0.495887, 0.014371, 0.868268),
      ["Right Arm"] = CFrame.new(-0.759206, 0.154809, -0.233202, 0.931126, -0.036206, 0.362907, 0.242621, 0.804430, -0.542243, -0.272302, 0.592943, 0.757807),
      ["Right Arm.001"] = CFrame.new(0.000000, 0.000000, 0.000000, 1.000000, -0.000000, 0.000000, 0.000000, 1.000000, 0.000000, -0.000000, -0.000000, 1.000000),
      ["Right Leg"] = CFrame.new(0.221876, -0.041290, 0.005446, 0.989413, 0.142662, -0.027896, -0.140352, 0.987485, 0.071889, 0.037836, -0.067214, 0.997022),
      ["Right Leg.001"] = CFrame.new(-0.000000, -0.000000, 0.000000, 1.000000, -0.000000, -0.000000, 0.000000, 1.000000, 0.000000, 0.000000, -0.000000, 1.000000),
      ["RightFoot"] = CFrame.new(-0.000000, -0.003277, -0.000103, 0.996630, 0.062752, 0.052837, -0.058124, 0.994694, -0.084912, -0.057851, 0.081566, 0.994953),
      ["RightHand"] = CFrame.new(-0.000493, 0.010666, -0.000000, 0.964464, -0.242402, 0.105119, 0.246675, 0.683578, -0.686929, 0.094655, 0.688446, 0.719078),
      ["RightLowerArm"] = CFrame.new(-0.011470, 0.027031, 0.014948, 1.000000, 0.000000, 0.000000, 0.000000, 0.810090, -0.586309, -0.000000, 0.586306, 0.810094),
      ["RightLowerLeg"] = CFrame.new(0.000000, 0.014763, -0.001676, 1.000000, 0.000000, 0.000000, -0.000000, 0.983928, 0.178568, 0.000000, -0.178598, 0.983959),
      ["RightUpperArm"] = CFrame.new(-0.284069, 0.063918, 0.364224, 0.757807, 0.320685, 0.568233, -0.542243, 0.793910, 0.275098, -0.362907, -0.516592, 0.775519),
      ["RightUpperLeg"] = CFrame.new(-0.016717, -0.066244, -0.093048, 0.997495, -0.068884, 0.016110, 0.069497, 0.996700, -0.041821, -0.013208, 0.042862, 0.998994),
      ["Torso"] = CFrame.new(0.280741, 0.070575, 0.155346, 0.888012, 0.459672, -0.011699, -0.459429, 0.888018, 0.018666, 0.018969, -0.011201, 0.999757),
      ["UpperTorso"] = CFrame.new(-0.014769, 0.019045, 0.017069, 0.999138, 0.002446, 0.041450, -0.002297, 0.999991, -0.003648, -0.041459, 0.003550, 0.999134)
    }},
    {Time = 0.033, Data = {
      ["Head"] = CFrame.new(-0.003107, 0.068927, 0.157247, -0.041372, 0.066470, -0.996930, -0.300526, 0.950752, 0.075863, 0.952876, 0.302742, -0.019358),
      ["Head.001"] = CFrame.new(0.000000, 0.000000, 0.000000, 0.041371, -0.996930, 0.066470, 0.300526, 0.075863, 0.950752, -0.952876, -0.019358, 0.302742),
      ["Left Arm"] = CFrame.new(0.992391, 0.064402, -0.302705, 0.913192, 0.237810, -0.330961, -0.399005, 0.687061, -0.607244, 0.082981, 0.686581, 0.722302),
      ["Left Arm.001"] = CFrame.new(0.000000, 0.000100, -0.000500, 1.000000, 0.000000, -0.000000, 0.000000, 1.000000, -0.000000, -0.000000, -0.000000, 1.000000),
      ["Left Leg"] = CFrame.new(0.106664, -0.052030, -0.015211, 0.907396, 0.019206, 0.419916, -0.248265, 0.830602, 0.498462, -0.339211, -0.556534, 0.758423),
      ["Left Leg.001"] = CFrame.new(0.000000, -0.000200, 0.000000, 1.000000, 0.000000, 0.000000, -0.000000, 1.000000, -0.000000, 0.000000, -0.000000, 1.000000),
      ["LeftFoot"] = CFrame.new(-0.000000, -0.222691, -0.000004, 0.753390, -0.503015, -0.423533, 0.564577, 0.825019, 0.024438, 0.337128, -0.257527, 0.905515),
      ["LeftHand"] = CFrame.new(0.000495, 0.007615, 0.000000, 0.330386, 0.844353, -0.421797, -0.926687, 0.205358, -0.314769, -0.179156, 0.494867, 0.850294),
      ["LeftLowerArm"] = CFrame.new(0.005603, 0.022291, 0.022513, 1.000000, -0.000000, -0.000000, 0.000000, 0.877327, -0.479896, 0.000000, 0.479893, 0.877332),
      ["LeftLowerLeg"] = CFrame.new(-0.000000, -0.221545, -0.002838, 1.000000, -0.000000, 0.000000, -0.000000, 1.000002, -0.000007, 0.000000, -0.000010, 1.000035),
      ["LeftUpperArm"] = CFrame.new(0.229746, 0.039157, 0.696946, 0.722302, -0.562534, -0.402286, 0.607244, 0.794255, -0.020340, 0.330960, -0.229594, 0.915287),
      ["LeftUpperLeg"] = CFrame.new(-0.000723, -0.097400, -0.061041, 0.739267, 0.558717, 0.375923, -0.498680, 0.829355, -0.251942, -0.452552, -0.001197, 0.891741),
      ["LowerTorso"] = CFrame.new(-0.271218, 0.136193, 0.045512, 0.868242, 0.011334, -0.496011, -0.017441, 0.999818, -0.007683, 0.495834, 0.015322, 0.868282),
      ["Right Arm"] = CFrame.new(-0.760003, 0.155138, -0.232722, 0.931191, -0.037055, 0.362655, 0.243183, 0.804264, -0.542237, -0.271579, 0.593115, 0.757931),
      ["Right Arm.001"] = CFrame.new(-0.000000, 0.000000, -0.000000, 1.000000, -0.000000, -0.000000, -0.000000, 1.000000, -0.000000, 0.000000, -0.000000, 1.000000),
      ["Right Leg"] = CFrame.new(0.223276, -0.041263, 0.005376, 0.989203, 0.144127, -0.027823, -0.141812, 0.987262, 0.072090, 0.037892, -0.067367, 0.997010),
      ["Right Leg.001"] = CFrame.new(0.000000, 0.000000, -0.000000, 1.000000, -0.000000, 0.000000, -0.000000, 1.000000, 0.000000, 0.000000, 0.000000, 1.000000),
      ["RightFoot"] = CFrame.new(-0.000000, -0.003248, -0.000103, 0.996636, 0.062695, 0.052789, -0.058013, 0.994615, -0.085906, -0.057856, 0.082566, 0.994870),
      ["RightHand"] = CFrame.new(-0.000493, 0.010705, 0.000000, 0.964459, -0.242421, 0.105119, 0.246816, 0.684489, -0.685972, 0.094341, 0.687534, 0.719991),
      ["RightLowerArm"] = CFrame.new(-0.011469, 0.027216, 0.015054, 1.000000, 0.000000, 0.000000, -0.000000, 0.809004, -0.587807, -0.000000, 0.587804, 0.809008),
      ["RightLowerLeg"] = CFrame.new(0.000000, 0.014932, -0.001702, 1.000000, 0.000000, 0.000000, -0.000000, 0.983672, 0.179971, -0.000000, -0.180001, 0.983704),
      ["RightUpperArm"] = CFrame.new(-0.284131, 0.063915, 0.364098, 0.757931, 0.320198, 0.568342, -0.542237, 0.793596, 0.276014, -0.362655, -0.517377, 0.775114),
      ["RightUpperLeg"] = CFrame.new(-0.016717, -0.066244, -0.093048, 0.997466, -0.069286, 0.016148, 0.069895, 0.996690, -0.041406, -0.013258, 0.042456, 0.999011),
      ["Torso"] = CFrame.new(0.280740, 0.070935, 0.155144, 0.888012, 0.459672, -0.011699, -0.459419, 0.888012, 0.019206, 0.019217, -0.011681, 0.999747),
      ["UpperTorso"] = CFrame.new(-0.014779, 0.019052, 0.017053, 0.999140, 0.002244, 0.041404, -0.002109, 0.999992, -0.003283, -0.041411, 0.003192, 0.999137)
    }},
    {Time = 0.067, Data = {
      ["Head"] = CFrame.new(-0.003107, 0.068928, 0.157247, -0.040443, 0.066617, -0.996958, -0.300296, 0.950836, 0.075717, 0.952988, 0.302444, -0.018449),
      ["Head.001"] = CFrame.new(0.000000, -0.000000, 0.000000, 0.040443, -0.996959, 0.066617, 0.300296, 0.075717, 0.950836, -0.952988, -0.018449, 0.302444),
      ["Left Arm"] = CFrame.new(0.993396, 0.064542, -0.302363, 0.913027, 0.239005, -0.330554, -0.399637, 0.686503, -0.607459, 0.081740, 0.686725, 0.722307),
      ["Left Arm.001"] = CFrame.new(0.000000, 0.000100, -0.000500, 1.000000, -0.000000, 0.000000, -0.000000, 1.000000, -0.000000, 0.000000, 0.000000, 1.000000),
      ["Left Leg"] = CFrame.new(0.106498, -0.051933, -0.015116, 0.907536, 0.018599, 0.419639, -0.247523, 0.830824, 0.498461, -0.339377, -0.556223, 0.758577),
      ["Left Leg.001"] = CFrame.new(0.000000, -0.000200, 0.000000, 1.000000, 0.000000, 0.000000, 0.000000, 1.000000, 0.000000, 0.000000, 0.000000, 1.000000),
      ["LeftFoot"] = CFrame.new(0.000000, -0.222666, -0.000004, 0.753407, -0.503000, -0.423521, 0.564491, 0.825083, 0.024261, 0.337235, -0.257350, 0.905526),
      ["LeftHand"] = CFrame.new(0.000495, 0.007645, 0.000000, 0.330619, 0.844283, -0.421755, -0.926895, 0.206364, -0.313497, -0.177645, 0.494569, 0.850785),
      ["LeftLowerArm"] = CFrame.new(0.005603, 0.022509, 0.022616, 1.000000, -0.000000, -0.000000, 0.000000, 0.876279, -0.481806, 0.000000, 0.481803, 0.876284),
      ["LeftLowerLeg"] = CFrame.new(-0.000000, -0.221521, -0.002837, 1.000000, 0.000000, 0.000000, -0.000000, 1.000002, -0.000007, 0.000000, -0.000010, 1.000035),
      ["LeftUpperArm"] = CFrame.new(0.229749, 0.039264, 0.696742, 0.722307, -0.562380, -0.402493, 0.607459, 0.794113, -0.019432, 0.330554, -0.230462, 0.915216),
      ["LeftUpperLeg"] = CFrame.new(-0.000723, -0.097399, -0.061041, 0.739564, 0.558200, 0.376106, -0.498693, 0.829701, -0.250773, -0.452051, -0.002083, 0.891994),
      ["LowerTorso"] = CFrame.new(-0.271216, 0.135987, 0.045138, 0.868265, 0.011332, -0.495972, -0.017951, 0.999802, -0.008581, 0.495776, 0.016354, 0.868296),
      ["Right Arm"] = CFrame.new(-0.760867, 0.155495, -0.232203, 0.931260, -0.037976, 0.362383, 0.243792, 0.804084, -0.542232, -0.270795, 0.593302, 0.758066),
      ["Right Arm.001"] = CFrame.new(-0.000000, -0.000000, 0.000000, 1.000000, -0.000000, -0.000000, 0.000000, 1.000000, -0.000000, -0.000000, -0.000000, 1.000000),
      ["Right Leg"] = CFrame.new(0.224785, -0.041236, 0.005298, 0.988973, 0.145710, -0.027744, -0.143389, 0.987018, 0.072308, 0.037953, -0.067534, 0.996996),
      ["Right Leg.001"] = CFrame.new(0.000000, 0.000000, 0.000000, 1.000000, 0.000000, 0.000000, -0.000000, 1.000000, 0.000000, 0.000000, -0.000000, 1.000000),
      ["RightFoot"] = CFrame.new(-0.000000, -0.003217, -0.000103, 0.996643, 0.062632, 0.052736, -0.057893, 0.994528, -0.086981, -0.057862, 0.083647, 0.994779),
      ["RightHand"] = CFrame.new(-0.000493, 0.010748, 0.000000, 0.964454, -0.242443, 0.105120, 0.246967, 0.685474, -0.684932, 0.094000, 0.686544, 0.720980),
      ["RightLowerArm"] = CFrame.new(-0.011468, 0.027415, 0.015169, 1.000000, 0.000000, 0.000000, 0.000000, 0.807825, -0.589427, -0.000000, 0.589424, 0.807828),
      ["RightLowerLeg"] = CFrame.new(-0.000000, 0.015113, -0.001729, 1.000000, 0.000000, 0.000000, -0.000000, 0.983395, 0.181482, 0.000000, -0.181512, 0.983426),
      ["RightUpperArm"] = CFrame.new(-0.284198, 0.063912, 0.363962, 0.758066, 0.319671, 0.568459, -0.542232, 0.793254, 0.277006, -0.362382, -0.518226, 0.774674),
      ["RightUpperLeg"] = CFrame.new(-0.016717, -0.066243, -0.093048, 0.997435, -0.069723, 0.016190, 0.070327, 0.996678, -0.040951, -0.013313, 0.042010, 0.999029),
      ["Torso"] = CFrame.new(0.280739, 0.071326, 0.154925, 0.888012, 0.459672, -0.011699, -0.459407, 0.888005, 0.019792, 0.019486, -0.012202, 0.999736),
      ["UpperTorso"] = CFrame.new(-0.014790, 0.019060, 0.017035, 0.999143, 0.002024, 0.041354, -0.001906, 0.999994, -0.002886, -0.041360, 0.002805, 0.999141)
    }},
    {Time = 0.100, Data = {
      ["Head"] = CFrame.new(-0.003107, 0.068928, 0.157247, -0.039443, 0.066776, -0.996988, -0.300048, 0.950927, 0.075561, 0.953108, 0.302124, -0.017472),
      ["Head.001"] = CFrame.new(0.000000, 0.000000, 0.000000, 0.039443, -0.996988, 0.066776, 0.300048, 0.075561, 0.950927, -0.953108, -0.017472, 0.302124),
      ["Left Arm"] = CFrame.new(0.994474, 0.064694, -0.301998, 0.912849, 0.240288, -0.330115, -0.400314, 0.685903, -0.607691, 0.080406, 0.686876, 0.722313),
      ["Left Arm.001"] = CFrame.new(-0.000000, 0.000100, -0.000500, 1.000000, -0.000000, 0.000000, -0.000000, 1.000000, 0.000000, -0.000000, 0.000000, 1.000000),
      ["Left Leg"] = CFrame.new(0.106319, -0.051829, -0.015014, 0.907687, 0.017945, 0.419341, -0.246724, 0.831063, 0.498460, -0.339555, -0.555888, 0.758743),
      ["Left Leg.001"] = CFrame.new(-0.000000, -0.000200, 0.000000, 1.000000, -0.000000, -0.000000, 0.000000, 1.000000, 0.000000, 0.000000, 0.000000, 1.000000),
      ["LeftFoot"] = CFrame.new(-0.000000, -0.222641, -0.000004, 0.753425, -0.502984, -0.423507, 0.564398, 0.825152, 0.024069, 0.337350, -0.257159, 0.905537),
      ["LeftHand"] = CFrame.new(0.000495, 0.007678, -0.000000, 0.330871, 0.844207, -0.421710, -0.927115, 0.207445, -0.312129, -0.176020, 0.494246, 0.851310),
      ["LeftLowerArm"] = CFrame.new(0.005603, 0.022743, 0.022727, 1.000000, -0.000000, -0.000000, 0.000000, 0.875150, -0.483854, 0.000000, 0.483851, 0.875155),
      ["LeftLowerLeg"] = CFrame.new(-0.000000, -0.221496, -0.002837, 1.000000, -0.000000, 0.000000, 0.000000, 1.000002, -0.000007, 0.000000, -0.000010, 1.000035),
      ["LeftUpperArm"] = CFrame.new(0.229752, 0.039380, 0.696523, 0.722313, -0.562215, -0.402713, 0.607691, 0.793959, -0.018458, 0.330115, -0.231392, 0.915139),
      ["LeftUpperLeg"] = CFrame.new(-0.000723, -0.097400, -0.061041, 0.739884, 0.557643, 0.376303, -0.498707, 0.830073, -0.249513, -0.451512, -0.003038, 0.892264),
      ["LowerTorso"] = CFrame.new(-0.271214, 0.135766, 0.044736, 0.868289, 0.011330, -0.495930, -0.018499, 0.999783, -0.009547, 0.495714, 0.017464, 0.868310),
      ["Right Arm"] = CFrame.new(-0.761794, 0.155880, -0.231647, 0.931333, -0.038965, 0.362089, 0.244445, 0.803890, -0.542225, -0.269952, 0.593500, 0.758211),
      ["Right Arm.001"] = CFrame.new(-0.000000, 0.000000, -0.000000, 1.000000, 0.000000, 0.000000, 0.000000, 1.000000, -0.000000, -0.000000, -0.000000, 1.000000),
      ["Right Leg"] = CFrame.new(0.226409, -0.041211, 0.005215, 0.988723, 0.147414, -0.027658, -0.145087, 0.986753, 0.072542, 0.038019, -0.067713, 0.996982),
      ["Right Leg.001"] = CFrame.new(0.000000, -0.000000, 0.000000, 1.000000, -0.000000, 0.000000, 0.000000, 1.000000, 0.000000, -0.000000, -0.000000, 1.000000),
      ["RightFoot"] = CFrame.new(-0.000000, -0.003182, -0.000103, 0.996650, 0.062565, 0.052680, -0.057763, 0.994434, -0.088136, -0.057867, 0.084809, 0.994681),
      ["RightHand"] = CFrame.new(-0.000493, 0.010794, -0.000000, 0.964448, -0.242466, 0.105121, 0.247130, 0.686532, -0.683813, 0.093633, 0.685477, 0.722042),
      ["RightLowerArm"] = CFrame.new(-0.011467, 0.027630, 0.015293, 1.000000, 0.000000, 0.000000, -0.000000, 0.806554, -0.591164, -0.000000, 0.591161, 0.806558),
      ["RightLowerLeg"] = CFrame.new(0.000000, 0.015308, -0.001759, 1.000000, 0.000000, 0.000000, -0.000000, 0.983093, 0.183107, 0.000000, -0.183137, 0.983125),
      ["RightUpperArm"] = CFrame.new(-0.284271, 0.063909, 0.363815, 0.758211, 0.319105, 0.568584, -0.542225, 0.792886, 0.278071, -0.362089, -0.519137, 0.774201),
      ["RightUpperLeg"] = CFrame.new(-0.016717, -0.066244, -0.093048, 0.997401, -0.070192, 0.016235, 0.070791, 0.996665, -0.040460, -0.013373, 0.041530, 0.999048),
      ["Torso"] = CFrame.new(0.280737, 0.071746, 0.154688, 0.888012, 0.459672, -0.011699, -0.459395, 0.887997, 0.020423, 0.019776, -0.012762, 0.999723),
      ["UpperTorso"] = CFrame.new(-0.014801, 0.019068, 0.017016, 0.999145, 0.001788, 0.041301, -0.001688, 0.999996, -0.002459, -0.041305, 0.002387, 0.999144)
    }},
    {Time = 0.133, Data = {
      ["Head"] = CFrame.new(-0.003107, 0.068928, 0.157247, -0.038374, 0.066945, -0.997018, -0.299783, 0.951024, 0.075395, 0.953235, 0.301782, -0.016426),
      ["Head.001"] = CFrame.new(0.000000, -0.000000, 0.000000, 0.038374, -0.997018, 0.066945, 0.299783, 0.075394, 0.951024, -0.953235, -0.016426, 0.301782),
      ["Left Arm"] = CFrame.new(0.995624, 0.064856, -0.301609, 0.912656, 0.241659, -0.329647, -0.401037, 0.685261, -0.607938, 0.078981, 0.687036, 0.722318),
      ["Left Arm.001"] = CFrame.new(0.000000, 0.000100, -0.000500, 1.000000, -0.000000, 0.000000, 0.000000, 1.000000, 0.000000, 0.000000, -0.000000, 1.000000),
      ["Left Leg"] = CFrame.new(0.106127, -0.051718, -0.014904, 0.907848, 0.017247, 0.419022, -0.245869, 0.831317, 0.498458, -0.339745, -0.555530, 0.758920),
      ["Left Leg.001"] = CFrame.new(-0.000000, -0.000200, 0.000000, 1.000000, 0.000000, -0.000000, 0.000000, 1.000000, 0.000000, -0.000000, 0.000000, 1.000000),
      ["LeftFoot"] = CFrame.new(0.000000, -0.222613, -0.000004, 0.753444, -0.502967, -0.423493, 0.564298, 0.825226, 0.023865, 0.337473, -0.256956, 0.905549),
      ["LeftHand"] = CFrame.new(0.000495, 0.007712, -0.000000, 0.331140, 0.844125, -0.421662, -0.927347, 0.208599, -0.310667, -0.174284, 0.493899, 0.851868),
      ["LeftLowerArm"] = CFrame.new(0.005602, 0.022992, 0.022845, 1.000000, -0.000000, -0.000000, 0.000000, 0.873940, -0.486037, 0.000000, 0.486034, 0.873945),
      ["LeftLowerLeg"] = CFrame.new(-0.000000, -0.221469, -0.002837, 1.000000, 0.000000, -0.000000, 0.000000, 1.000002, -0.000007, 0.000000, -0.000010, 1.000036),
      ["LeftUpperArm"] = CFrame.new(0.229754, 0.039504, 0.696289, 0.722318, -0.562040, -0.402947, 0.607938, 0.793794, -0.017419, 0.329647, -0.232385, 0.915056),
      ["LeftUpperLeg"] = CFrame.new(-0.000723, -0.097399, -0.061040, 0.740226, 0.557048, 0.376512, -0.498721, 0.830468, -0.248166, -0.450936, -0.004060, 0.892551),
      ["LowerTorso"] = CFrame.new(-0.271212, 0.135530, 0.044306, 0.868314, 0.011328, -0.495885, -0.019085, 0.999762, -0.010580, 0.495648, 0.018651, 0.868324),
      ["Right Arm"] = CFrame.new(-0.762783, 0.156291, -0.231054, 0.931410, -0.040022, 0.361775, 0.245143, 0.803682, -0.542218, -0.269052, 0.593711, 0.758365),
      ["Right Arm.001"] = CFrame.new(-0.000000, -0.000000, 0.000000, 1.000000, -0.000000, 0.000000, 0.000000, 1.000000, 0.000000, -0.000000, -0.000000, 1.000000),
      ["Right Leg"] = CFrame.new(0.228601, -0.041142, 0.005135, 0.988414, 0.149493, -0.027567, -0.147159, 0.986427, 0.072793, 0.038108, -0.067894, 0.996966),
      ["Right Leg.001"] = CFrame.new(0.000000, 0.000000, 0.000000, 1.000000, -0.000000, 0.000000, -0.000000, 1.000000, -0.000000, -0.000000, -0.000000, 1.000000),
      ["RightFoot"] = CFrame.new(-0.000000, -0.003135, -0.000103, 0.996657, 0.062494, 0.052620, -0.057610, 0.994309, -0.089631, -0.057888, 0.086311, 0.994550),
      ["RightHand"] = CFrame.new(-0.000493, 0.010843, -0.000000, 0.964441, -0.242492, 0.105121, 0.247303, 0.687660, -0.682616, 0.093241, 0.684337, 0.723173),
      ["RightLowerArm"] = CFrame.new(-0.011466, 0.027857, 0.015426, 1.000000, 0.000000, 0.000000, 0.000000, 0.805194, -0.593015, -0.000000, 0.593013, 0.805198),
      ["RightLowerLeg"] = CFrame.new(0.000000, 0.015582, -0.001802, 1.000000, 0.000000, -0.000000, -0.000000, 0.982666, 0.185389, -0.000000, -0.185419, 0.982697),
      ["RightUpperArm"] = CFrame.new(-0.284348, 0.063906, 0.363658, 0.758366, 0.318502, 0.568716, -0.542218, 0.792491, 0.279207, -0.361775, -0.520110, 0.773695),
      ["RightUpperLeg"] = CFrame.new(-0.016717, -0.066244, -0.093048, 0.997365, -0.070690, 0.016305, 0.071288, 0.996639, -0.040228, -0.013438, 0.041310, 0.999056),
      ["Torso"] = CFrame.new(0.280736, 0.072196, 0.154435, 0.888012, 0.459672, -0.011699, -0.459382, 0.887989, 0.021098, 0.020086, -0.013361, 0.999709),
      ["UpperTorso"] = CFrame.new(-0.014814, 0.019077, 0.016995, 0.999148, 0.001535, 0.041245, -0.001454, 0.999997, -0.002003, -0.041248, 0.001941, 0.999147)
    }},
    {Time = 0.167, Data = {
      ["Head"] = CFrame.new(-0.003107, 0.068928, 0.157247, -0.037237, 0.067124, -0.997049, -0.299500, 0.951127, 0.075218, 0.953369, 0.301418, -0.015314),
      ["Head.001"] = CFrame.new(0.000000, 0.000000, -0.000000, 0.037237, -0.997049, 0.067124, 0.299500, 0.075218, 0.951127, -0.953369, -0.015313, 0.301418),
      ["Left Arm"] = CFrame.new(0.996841, 0.065029, -0.301201, 0.912450, 0.243112, -0.329149, -0.401800, 0.684581, -0.608201, 0.077468, 0.687201, 0.722324),
      ["Left Arm.001"] = CFrame.new(0.000000, 0.000100, -0.000500, 1.000000, 0.000000, 0.000000, 0.000000, 1.000000, 0.000000, -0.000000, 0.000000, 1.000000),
      ["Left Leg"] = CFrame.new(0.105923, -0.051600, -0.014787, 0.908018, 0.016504, 0.418682, -0.244960, 0.831586, 0.498456, -0.339946, -0.555149, 0.759109),
      ["Left Leg.001"] = CFrame.new(-0.000000, -0.000200, 0.000000, 1.000000, -0.000000, -0.000000, -0.000000, 1.000000, -0.000000, -0.000000, 0.000000, 1.000000),
      ["LeftFoot"] = CFrame.new(-0.000000, -0.222584, -0.000004, 0.753465, -0.502948, -0.423477, 0.564192, 0.825305, 0.023647, 0.337603, -0.256739, 0.905562),
      ["LeftHand"] = CFrame.new(0.000495, 0.007749, -0.000000, 0.331426, 0.844039, -0.421610, -0.927589, 0.209825, -0.309116, -0.172441, 0.493528, 0.852458),
      ["LeftLowerArm"] = CFrame.new(0.005603, 0.023255, 0.022971, 1.000000, -0.000000, -0.000000, 0.000000, 0.872652, -0.488346, 0.000000, 0.488343, 0.872656),
      ["LeftLowerLeg"] = CFrame.new(-0.000000, -0.221440, -0.002836, 1.000000, -0.000000, 0.000000, 0.000000, 1.000002, -0.000007, 0.000000, -0.000010, 1.000035),
      ["LeftUpperArm"] = CFrame.new(0.229757, 0.039635, 0.696040, 0.722325, -0.561856, -0.403192, 0.608201, 0.793616, -0.016319, 0.329149, -0.233434, 0.914969),
      ["LeftUpperLeg"] = CFrame.new(-0.000723, -0.097399, -0.061041, 0.740589, 0.556414, 0.376735, -0.498734, 0.830887, -0.246733, -0.450323, -0.005147, 0.892854),
      ["LowerTorso"] = CFrame.new(-0.271210, 0.135279, 0.043849, 0.868341, 0.011326, -0.495839, -0.019709, 0.999738, -0.011679, 0.495576, 0.019914, 0.868336),
      ["Right Arm"] = CFrame.new(-0.763831, 0.156728, -0.230426, 0.931491, -0.041144, 0.361441, 0.245882, 0.803461, -0.542211, -0.268096, 0.593933, 0.758530),
      ["Right Arm.001"] = CFrame.new(0.000000, 0.000000, -0.000000, 1.000000, 0.000000, -0.000000, 0.000000, 1.000000, 0.000000, 0.000000, 0.000000, 1.000000),
      ["Right Leg"] = CFrame.new(0.230419, -0.041122, 0.005040, 0.988124, 0.151414, -0.027469, -0.149072, 0.986120, 0.073059, 0.038183, -0.068098, 0.996949),
      ["Right Leg.001"] = CFrame.new(-0.000000, 0.000000, -0.000000, 1.000000, -0.000000, -0.000000, 0.000000, 1.000000, 0.000000, -0.000000, -0.000000, 1.000000),
      ["RightFoot"] = CFrame.new(-0.000000, -0.003097, -0.000103, 0.996665, 0.062418, 0.052556, -0.057464, 0.994200, -0.090929, -0.057892, 0.087617, 0.994436),
      ["RightHand"] = CFrame.new(-0.000493, 0.010894, -0.000000, 0.964434, -0.242519, 0.105122, 0.247487, 0.688857, -0.681342, 0.092824, 0.683123, 0.724373),
      ["RightLowerArm"] = CFrame.new(-0.011465, 0.028099, 0.015567, 1.000000, 0.000000, 0.000000, -0.000000, 0.803746, -0.594976, -0.000000, 0.594974, 0.803750),
      ["RightLowerLeg"] = CFrame.new(0.000000, 0.015800, -0.001837, 1.000000, 0.000000, 0.000000, -0.000000, 0.982322, 0.187202, 0.000000, -0.187232, 0.982353),
      ["RightUpperArm"] = CFrame.new(-0.284431, 0.063902, 0.363491, 0.758530, 0.317862, 0.568854, -0.542211, 0.792071, 0.280412, -0.361441, -0.521141, 0.773157),
      ["RightUpperLeg"] = CFrame.new(-0.016717, -0.066244, -0.093048, 0.997326, -0.071224, 0.016356, 0.071816, 0.996625, -0.039652, -0.013509, 0.040746, 0.999078),
      ["Torso"] = CFrame.new(0.280735, 0.072674, 0.154166, 0.888012, 0.459672, -0.011699, -0.459367, 0.887979, 0.021815, 0.020416, -0.013998, 0.999694),
      ["UpperTorso"] = CFrame.new(-0.014827, 0.019087, 0.016973, 0.999151, 0.001267, 0.041186, -0.001205, 0.999998, -0.001518, -0.041187, 0.001467, 0.999150)
    }},
    {Time = 0.200, Data = {
      ["Head"] = CFrame.new(-0.003107, 0.068929, 0.157247, -0.036034, 0.067313, -0.997081, -0.299202, 0.951235, 0.075031, 0.953509, 0.301032, -0.014137),
      ["Head.001"] = CFrame.new(0.000000, 0.000000, 0.000001, 0.036034, -0.997081, 0.067313, 0.299202, 0.075031, 0.951235, -0.953509, -0.014137, 0.301032),
      ["Left Arm"] = CFrame.new(0.998122, 0.065213, -0.300774, 0.912230, 0.244646, -0.328622, -0.402604, 0.683862, -0.608478, 0.075870, 0.687373, 0.722331),
      ["Left Arm.001"] = CFrame.new(0.000000, 0.000100, -0.000500, 1.000000, -0.000000, 0.000000, 0.000000, 1.000000, 0.000000, 0.000000, -0.000000, 1.000000),
      ["Left Leg"] = CFrame.new(0.105707, -0.051476, -0.014663, 0.908198, 0.015717, 0.418323, -0.243998, 0.831871, 0.498453, -0.340159, -0.554746, 0.759309),
      ["Left Leg.001"] = CFrame.new(0.000000, -0.000200, 0.000000, 1.000000, 0.000000, -0.000000, -0.000000, 1.000000, 0.000000, -0.000000, 0.000000, 1.000000),
      ["LeftFoot"] = CFrame.new(0.000000, -0.222555, -0.000004, 0.753488, -0.502929, -0.423461, 0.564080, 0.825388, 0.023417, 0.337741, -0.256509, 0.905576),
      ["LeftHand"] = CFrame.new(0.000495, 0.007787, -0.000000, 0.331728, 0.843947, -0.421556, -0.927840, 0.211117, -0.307476, -0.170496, 0.493133, 0.853078),
      ["LeftLowerArm"] = CFrame.new(0.005602, 0.023532, 0.023105, 1.000000, -0.000000, -0.000000, 0.000000, 0.871288, -0.490776, 0.000000, 0.490773, 0.871292),
      ["LeftLowerLeg"] = CFrame.new(-0.000000, -0.221410, -0.002836, 1.000000, 0.000000, 0.000000, 0.000000, 1.000002, -0.000007, 0.000000, -0.000010, 1.000035),
      ["LeftUpperArm"] = CFrame.new(0.229761, 0.039774, 0.695776, 0.722331, -0.561664, -0.403448, 0.608478, 0.793426, -0.015160, 0.328622, -0.234538, 0.914876),
      ["LeftUpperLeg"] = CFrame.new(-0.000723, -0.097399, -0.061041, 0.740974, 0.555743, 0.376970, -0.498748, 0.831328, -0.245216, -0.449676, -0.006299, 0.893173),
      ["LowerTorso"] = CFrame.new(-0.271208, 0.135015, 0.043365, 0.868369, 0.011324, -0.495790, -0.020368, 0.999710, -0.012841, 0.495501, 0.021249, 0.868347),
      ["Right Arm"] = CFrame.new(-0.764938, 0.157190, -0.229766, 0.931575, -0.042328, 0.361088, 0.246663, 0.803227, -0.542203, -0.267086, 0.594167, 0.758704),
      ["Right Arm.001"] = CFrame.new(-0.000000, -0.000000, 0.000000, 1.000000, -0.000000, 0.000000, -0.000000, 1.000000, 0.000000, -0.000000, -0.000000, 1.000000),
      ["Right Leg"] = CFrame.new(0.232337, -0.041106, 0.004939, 0.987814, 0.153442, -0.027365, -0.151093, 0.985792, 0.073341, 0.038263, -0.068314, 0.996931),
      ["Right Leg.001"] = CFrame.new(-0.000000, 0.000000, 0.000000, 1.000000, -0.000000, -0.000000, -0.000000, 1.000000, 0.000000, 0.000000, -0.000000, 1.000000),
      ["RightFoot"] = CFrame.new(0.000000, -0.003058, -0.000103, 0.996674, 0.062337, 0.052488, -0.057310, 0.994082, -0.092300, -0.057897, 0.088996, 0.994313),
      ["RightHand"] = CFrame.new(-0.000493, 0.010948, 0.000000, 0.964427, -0.242548, 0.105123, 0.247680, 0.690118, -0.679994, 0.092383, 0.681839, 0.725639),
      ["RightLowerArm"] = CFrame.new(-0.011465, 0.028353, 0.015717, 1.000000, 0.000000, 0.000000, -0.000000, 0.802212, -0.597043, -0.000000, 0.597040, 0.802216),
      ["RightLowerLeg"] = CFrame.new(-0.000000, 0.016029, -0.001873, 1.000000, 0.000000, 0.000000, -0.000000, 0.981956, 0.189114, 0.000000, -0.189144, 0.981987),
      ["RightUpperArm"] = CFrame.new(-0.284517, 0.063898, 0.363315, 0.758704, 0.317187, 0.568999, -0.542203, 0.791625, 0.281684, -0.361088, -0.522228, 0.772588),
      ["RightUpperLeg"] = CFrame.new(-0.016717, -0.066244, -0.093048, 0.997285, -0.071789, 0.016412, 0.072374, 0.996609, -0.039039, -0.013585, 0.040146, 0.999102),
      ["Torso"] = CFrame.new(0.280733, 0.073179, 0.153881, 0.888012, 0.459672, -0.011699, -0.459351, 0.887968, 0.022574, 0.020764, -0.014672, 0.999677),
      ["UpperTorso"] = CFrame.new(-0.014840, 0.019097, 0.016950, 0.999154, 0.000982, 0.041123, -0.000942, 0.999999, -0.001004, -0.041124, 0.000964, 0.999154)
    }},
    {Time = 0.233, Data = {
      ["Head"] = CFrame.new(-0.003107, 0.068928, 0.157247, -0.034767, 0.067512, -0.997112, -0.298886, 0.951350, 0.074834, 0.953655, 0.300625, -0.012897),
      ["Head.001"] = CFrame.new(0.000000, 0.000000, 0.000000, 0.034766, -0.997112, 0.067511, 0.298886, 0.074834, 0.951350, -0.953655, -0.012897, 0.300625),
      ["Left Arm"] = CFrame.new(0.999468, 0.065407, -0.300327, 0.911996, 0.246260, -0.328067, -0.403447, 0.683104, -0.608770, 0.074188, 0.687550, 0.722337),
      ["Left Arm.001"] = CFrame.new(0.000000, 0.000100, -0.000500, 1.000000, 0.000000, -0.000000, 0.000000, 1.000000, -0.000000, 0.000000, -0.000000, 1.000000),
      ["Left Leg"] = CFrame.new(0.105478, -0.051345, -0.014532, 0.908386, 0.014888, 0.417945, -0.242984, 0.832170, 0.498450, -0.340382, -0.554321, 0.759519),
      ["Left Leg.001"] = CFrame.new(0.000000, -0.000200, 0.000000, 1.000000, 0.000000, 0.000000, 0.000000, 1.000000, 0.000000, -0.000000, 0.000000, 1.000000),
      ["LeftFoot"] = CFrame.new(0.000000, -0.222524, -0.000004, 0.753511, -0.502908, -0.423444, 0.563962, 0.825476, 0.023175, 0.337886, -0.256267, 0.905590),
      ["LeftHand"] = CFrame.new(0.000495, 0.007828, 0.000000, 0.332047, 0.843851, -0.421499, -0.928101, 0.212478, -0.305749, -0.168447, 0.492714, 0.853727),
      ["LeftLowerArm"] = CFrame.new(0.005602, 0.023822, 0.023246, 1.000000, -0.000000, -0.000000, 0.000000, 0.869846, -0.493326, 0.000000, 0.493323, 0.869851),
      ["LeftLowerLeg"] = CFrame.new(-0.000000, -0.221380, -0.002835, 1.000000, 0.000000, 0.000000, 0.000000, 1.000002, -0.000007, -0.000000, -0.000010, 1.000035),
      ["LeftUpperArm"] = CFrame.new(0.229764, 0.039920, 0.695499, 0.722337, -0.561464, -0.403716, 0.608770, 0.793224, -0.013944, 0.328067, -0.235698, 0.914777),
      ["LeftUpperLeg"] = CFrame.new(-0.000723, -0.097400, -0.061041, 0.741378, 0.555035, 0.377217, -0.498761, 0.831790, -0.243616, -0.448995, -0.007513, 0.893507),
      ["LowerTorso"] = CFrame.new(-0.271205, 0.134737, 0.042855, 0.868397, 0.011322, -0.495740, -0.021063, 0.999679, -0.014066, 0.495421, 0.022657, 0.868357),
      ["Right Arm"] = CFrame.new(-0.766086, 0.157679, -0.229078, 0.931662, -0.043563, 0.360716, 0.247473, 0.802984, -0.542194, -0.266031, 0.594407, 0.758887),
      ["Right Arm.001"] = CFrame.new(-0.000000, 0.000000, -0.000000, 1.000000, 0.000000, 0.000000, 0.000000, 1.000000, 0.000000, -0.000000, -0.000000, 1.000000),
      ["Right Leg"] = CFrame.new(0.234343, -0.041093, 0.004832, 0.987484, 0.155571, -0.027257, -0.153214, 0.985442, 0.073637, 0.038349, -0.068541, 0.996912),
      ["Right Leg.001"] = CFrame.new(0.000000, 0.000000, 0.000000, 1.000000, -0.000000, 0.000000, 0.000000, 1.000000, -0.000000, -0.000000, -0.000000, 1.000000),
      ["RightFoot"] = CFrame.new(0.000000, -0.003017, -0.000103, 0.996683, 0.062252, 0.052416, -0.057148, 0.993957, -0.093736, -0.057901, 0.090441, 0.994182),
      ["RightHand"] = CFrame.new(-0.000493, 0.011010, 0.000000, 0.964419, -0.242578, 0.105125, 0.247882, 0.691434, -0.678582, 0.091922, 0.680493, 0.726959),
      ["RightLowerArm"] = CFrame.new(-0.011464, 0.028623, 0.015874, 1.000000, 0.000000, 0.000000, -0.000000, 0.800608, -0.599192, -0.000000, 0.599189, 0.800612),
      ["RightLowerLeg"] = CFrame.new(0.000000, 0.016268, -0.001912, 1.000000, 0.000000, 0.000000, -0.000000, 0.981569, 0.191110, -0.000000, -0.191140, 0.981600),
      ["RightUpperArm"] = CFrame.new(-0.284609, 0.063894, 0.363129, 0.758887, 0.316485, 0.569146, -0.542194, 0.791157, 0.283011, -0.360716, -0.523362, 0.771994),
      ["RightUpperLeg"] = CFrame.new(-0.016717, -0.066244, -0.093048, 0.997241, -0.072384, 0.016469, 0.072963, 0.996591, -0.038383, -0.013666, 0.039504, 0.999126),
      ["Torso"] = CFrame.new(0.280732, 0.073712, 0.153580, 0.888012, 0.459672, -0.011699, -0.459335, 0.887956, 0.023373, 0.021132, -0.015382, 0.999658),
      ["UpperTorso"] = CFrame.new(-0.014855, 0.019107, 0.016925, 0.999156, 0.000682, 0.041059, -0.000664, 1.000000, -0.000463, -0.041059, 0.000435, 0.999157)
    }},
    {Time = 0.267, Data = {
      ["Head"] = CFrame.new(-0.003107, 0.068928, 0.157247, -0.033436, 0.067719, -0.997144, -0.298555, 0.951470, 0.074629, 0.953806, 0.300198, -0.011595),
      ["Head.001"] = CFrame.new(0.000000, 0.000000, 0.000000, 0.033435, -0.997144, 0.067719, 0.298555, 0.074628, 0.951470, -0.953806, -0.011595, 0.300198),
      ["Left Arm"] = CFrame.new(1.000872, 0.065611, -0.299862, 0.911748, 0.247948, -0.327483, -0.404327, 0.682311, -0.609077, 0.072426, 0.687731, 0.722344),
      ["Left Arm.001"] = CFrame.new(0.000000, 0.000100, -0.000500, 1.000000, 0.000000, 0.000000, 0.000000, 1.000000, 0.000000, 0.000000, -0.000000, 1.000000),
      ["Left Leg"] = CFrame.new(0.105239, -0.051208, -0.014394, 0.908582, 0.014017, 0.417548, -0.241919, 0.832482, 0.498446, -0.340616, -0.553874, 0.759740),
      ["Left Leg.001"] = CFrame.new(-0.000000, -0.000200, 0.000000, 1.000000, 0.000000, -0.000000, 0.000000, 1.000000, -0.000000, -0.000000, -0.000000, 1.000000),
      ["LeftFoot"] = CFrame.new(0.000000, -0.222493, -0.000004, 0.753536, -0.502886, -0.423425, 0.563837, 0.825568, 0.022920, 0.338039, -0.256012, 0.905605),
      ["LeftHand"] = CFrame.new(0.000495, 0.007871, -0.000000, 0.332381, 0.843749, -0.421439, -0.928368, 0.213901, -0.303939, -0.166302, 0.492272, 0.854402),
      ["LeftLowerArm"] = CFrame.new(0.005601, 0.024126, 0.023394, 1.000000, -0.000000, -0.000000, 0.000000, 0.868332, -0.495987, 0.000000, 0.495984, 0.868337),
      ["LeftLowerLeg"] = CFrame.new(-0.000000, -0.221348, -0.002835, 1.000000, 0.000000, -0.000000, -0.000000, 1.000002, -0.000007, 0.000000, -0.000010, 1.000035),
      ["LeftUpperArm"] = CFrame.new(0.229767, 0.040073, 0.695207, 0.722344, -0.561256, -0.403992, 0.609076, 0.793011, -0.012673, 0.327483, -0.236908, 0.914673),
      ["LeftUpperLeg"] = CFrame.new(-0.000723, -0.097399, -0.061041, 0.741803, 0.554292, 0.377476, -0.498772, 0.832273, -0.241936, -0.448280, -0.008790, 0.893854),
      ["LowerTorso"] = CFrame.new(-0.271203, 0.134447, 0.042320, 0.868427, 0.011320, -0.495687, -0.021793, 0.999645, -0.015352, 0.495338, 0.024134, 0.868365),
      ["Right Arm"] = CFrame.new(-0.767216, 0.158191, -0.228393, 0.931755, -0.044800, 0.360326, 0.248272, 0.802743, -0.542185, -0.264960, 0.594639, 0.759079),
      ["Right Arm.001"] = CFrame.new(-0.000000, 0.000000, -0.000000, 1.000000, -0.000000, 0.000000, -0.000000, 1.000000, 0.000000, 0.000000, 0.000000, 1.000000),
      ["Right Leg"] = CFrame.new(0.236446, -0.041085, 0.004719, 0.987133, 0.157803, -0.027142, -0.155437, 0.985071, 0.073948, 0.038439, -0.068779, 0.996893),
      ["Right Leg.001"] = CFrame.new(0.000000, -0.000000, 0.000000, 1.000000, 0.000000, 0.000000, -0.000000, 1.000000, -0.000000, -0.000000, -0.000000, 1.000000),
      ["RightFoot"] = CFrame.new(-0.000000, -0.002975, -0.000103, 0.996693, 0.062162, 0.052341, -0.056978, 0.993824, -0.095242, -0.057904, 0.091955, 0.994043),
      ["RightHand"] = CFrame.new(-0.000493, 0.011097, 0.000000, 0.964411, -0.242610, 0.105126, 0.248087, 0.692770, -0.677143, 0.091453, 0.679122, 0.728299),
      ["RightLowerArm"] = CFrame.new(-0.011463, 0.028917, 0.016031, 1.000000, 0.000000, 0.000000, -0.000000, 0.798996, -0.601340, -0.000000, 0.601337, 0.799000),
      ["RightLowerLeg"] = CFrame.new(0.000000, 0.016518, -0.001953, 1.000000, 0.000000, 0.000000, -0.000000, 0.981160, 0.193202, -0.000000, -0.193231, 0.981191),
      ["RightUpperArm"] = CFrame.new(-0.284705, 0.063889, 0.362934, 0.759079, 0.315785, 0.569279, -0.542185, 0.790683, 0.284352, -0.360325, -0.524501, 0.771404),
      ["RightUpperLeg"] = CFrame.new(-0.016717, -0.066244, -0.093048, 0.997194, -0.073009, 0.016531, 0.073580, 0.996572, -0.037693, -0.013754, 0.038829, 0.999151),
      ["Torso"] = CFrame.new(0.280730, 0.074272, 0.153264, 0.888012, 0.459672, -0.011699, -0.459317, 0.887942, 0.024212, 0.021517, -0.016127, 0.999638),
      ["UpperTorso"] = CFrame.new(-0.014870, 0.019118, 0.016900, 0.999159, 0.000368, 0.040991, -0.000372, 1.000000, 0.000105, -0.040991, -0.000120, 0.999160)
    }},
    {Time = 0.300, Data = {
      ["Head"] = CFrame.new(-0.003107, 0.068928, 0.157247, -0.032043, 0.067936, -0.997175, -0.298209, 0.951596, 0.074414, 0.953963, 0.299751, -0.010233),
      ["Head.001"] = CFrame.new(0.000000, -0.000000, -0.000000, 0.032043, -0.997175, 0.067936, 0.298209, 0.074414, 0.951596, -0.953963, -0.010233, 0.299751),
      ["Left Arm"] = CFrame.new(1.002335, 0.065826, -0.299383, 0.911485, 0.249711, -0.326873, -0.405242, 0.681482, -0.609396, 0.070585, 0.687915, 0.722351),
      ["Left Arm.001"] = CFrame.new(-0.000000, 0.000100, -0.000500, 1.000000, -0.000000, -0.000000, -0.000000, 1.000000, 0.000000, -0.000000, -0.000000, 1.000000),
      ["Left Leg"] = CFrame.new(0.104987, -0.051065, -0.014250, 0.908787, 0.013106, 0.417132, -0.240805, 0.832808, 0.498441, -0.340860, -0.553406, 0.759972),
      ["Left Leg.001"] = CFrame.new(0.000000, -0.000200, -0.000000, 1.000000, -0.000000, -0.000000, -0.000000, 1.000000, 0.000000, -0.000000, 0.000000, 1.000000),
      ["LeftFoot"] = CFrame.new(-0.000000, -0.222461, -0.000004, 0.753562, -0.502863, -0.423406, 0.563706, 0.825665, 0.022654, 0.338198, -0.255746, 0.905621),
      ["LeftHand"] = CFrame.new(0.000495, 0.007914, 0.000000, 0.332730, 0.843643, -0.421376, -0.928641, 0.215388, -0.302048, -0.164062, 0.491805, 0.855103),
      ["LeftLowerArm"] = CFrame.new(0.005602, 0.024442, 0.023550, 1.000000, -0.000000, -0.000000, 0.000000, 0.866744, -0.498756, 0.000000, 0.498753, 0.866749),
      ["LeftLowerLeg"] = CFrame.new(-0.000000, -0.221316, -0.002835, 1.000000, 0.000000, 0.000000, -0.000000, 1.000002, -0.000007, 0.000000, -0.000010, 1.000036),
      ["LeftUpperArm"] = CFrame.new(0.229770, 0.040233, 0.694902, 0.722351, -0.561042, -0.404278, 0.609396, 0.792785, -0.011348, 0.326873, -0.238168, 0.914565),
      ["LeftUpperLeg"] = CFrame.new(-0.000723, -0.097399, -0.061041, 0.742246, 0.553514, 0.377745, -0.498783, 0.832776, -0.240178, -0.447533, -0.010126, 0.894214),
      ["LowerTorso"] = CFrame.new(-0.271201, 0.134144, 0.041760, 0.868458, 0.011318, -0.495634, -0.022556, 0.999606, -0.016697, 0.495250, 0.025680, 0.868371),
      ["Right Arm"] = CFrame.new(-0.768396, 0.158728, -0.227679, 0.931849, -0.046092, 0.359917, 0.249106, 0.802491, -0.542176, -0.263841, 0.594881, 0.759279),
      ["Right Arm.001"] = CFrame.new(-0.000000, 0.000000, 0.000000, 1.000000, 0.000000, 0.000000, 0.000000, 1.000000, 0.000000, 0.000000, -0.000000, 1.000000),
      ["Right Leg"] = CFrame.new(0.238629, -0.041082, 0.004600, 0.986761, 0.160129, -0.027021, -0.157754, 0.984678, 0.074273, 0.038534, -0.069028, 0.996872),
      ["Right Leg.001"] = CFrame.new(0.000000, -0.000000, 0.000000, 1.000000, -0.000000, 0.000000, 0.000000, 1.000000, -0.000000, 0.000000, 0.000000, 1.000000),
      ["RightFoot"] = CFrame.new(0.000000, -0.002931, -0.000103, 0.996703, 0.062069, 0.052262, -0.056800, 0.993683, -0.096808, -0.057906, 0.093531, 0.993896),
      ["RightHand"] = CFrame.new(-0.000493, 0.011188, -0.000000, 0.964402, -0.242645, 0.105129, 0.248302, 0.694162, -0.675637, 0.090963, 0.677687, 0.729697),
      ["RightLowerArm"] = CFrame.new(-0.011461, 0.029223, 0.016195, 1.000000, 0.000000, 0.000000, -0.000000, 0.797306, -0.603579, -0.000000, 0.603576, 0.797310),
      ["RightLowerLeg"] = CFrame.new(-0.000000, 0.016777, -0.001996, 1.000000, 0.000000, -0.000000, -0.000000, 0.980730, 0.195370, -0.000000, -0.195399, 0.980761),
      ["RightUpperArm"] = CFrame.new(-0.284805, 0.063884, 0.362729, 0.759279, 0.315054, 0.569417, -0.542176, 0.790184, 0.285752, -0.359917, -0.525689, 0.770785),
      ["RightUpperLeg"] = CFrame.new(-0.016717, -0.066244, -0.093048, 0.997145, -0.073662, 0.016595, 0.074225, 0.996552, -0.036961, -0.013847, 0.038113, 0.999178),
