return {
  ["Bio special dance part 2"] = {
    {Time = 0.000, Data = {
      ["Head"] = CFrame.new(-0.003107, 0.068929, 0.157247, 0.133494, 0.542370, 0.829466, -0.069152, 0.840015, -0.538139, -0.988634, 0.014479, 0.149643),
      ["LeftFoot"] = CFrame.new(0.000000, -0.158693, -0.000003, 0.862652, -0.469857, -0.187264, 0.505565, 0.812226, 0.291045, 0.015355, -0.345723, 0.938203),
      ["LeftHand"] = CFrame.new(0.000527, -0.041420, -0.000001, -0.095101, -0.964710, -0.245544, 0.992266, -0.072100, -0.101040, 0.079771, -0.253252, 0.964105),
      ["LeftLowerArm"] = CFrame.new(0.006018, -0.076326, 0.011378, 1.000000, -0.000000, -0.000000, 0.000000, 1.000000, -0.000001, 0.000000, -0.000000, 1.000000),
      ["LeftLowerLeg"] = CFrame.new(0.000000, -0.157755, -0.001991, 1.000000, 0.000000, 0.000000, -0.000000, 1.000000, -0.000006, 0.000000, -0.000009, 1.000000),
      ["LeftUpperArm"] = CFrame.new(-0.422778, -0.235492, -0.335465, -0.047507, 0.991718, 0.119324, 0.354323, 0.128422, -0.926263, -0.933916, -0.001725, -0.357489),
      ["LeftUpperLeg"] = CFrame.new(-0.000723, -0.097400, -0.061040, 0.738290, 0.555934, 0.381922, 0.022594, 0.545535, -0.837777, -0.674105, 0.627160, 0.390212),
      ["LowerTorso"] = CFrame.new(0.161368, -1.067922, -4.134499, 0.994645, 0.051722, -0.089481, 0.102514, -0.603863, 0.790469, -0.013149, -0.795408, -0.605931),
      ["RightFoot"] = CFrame.new(-0.000000, -0.153799, -0.000103, 0.843858, 0.461590, 0.273585, -0.523252, 0.820820, 0.229076, -0.118790, -0.336435, 0.934171),
      ["RightHand"] = CFrame.new(-0.000484, 0.024734, 0.000001, 0.674458, 0.737320, -0.038284, -0.727130, 0.654356, -0.207606, -0.128020, 0.167858, 0.977463),
      ["RightLowerArm"] = CFrame.new(-0.011269, 0.079070, 0.086609, 1.000000, 0.000000, -0.000000, -0.000000, 0.067348, -0.997730, -0.000000, 0.997730, 0.067347),
      ["RightLowerLeg"] = CFrame.new(-0.000000, -0.152884, -0.001982, 1.000000, -0.000000, 0.000000, -0.000000, 1.000000, -0.000012, 0.000000, -0.000015, 1.000000),
      ["RightUpperArm"] = CFrame.new(-0.030638, -0.031518, -0.310292, 0.713225, -0.010958, -0.700849, 0.049532, 0.998166, 0.034800, 0.699183, -0.059534, 0.712461),
      ["RightUpperLeg"] = CFrame.new(-0.016717, -0.066243, -0.093048, 0.944202, -0.317850, 0.086283, 0.241065, 0.488323, -0.838699, 0.224432, 0.812719, 0.537717),
      ["UpperTorso"] = CFrame.new(-0.019064, 0.120054, -0.031233, 0.996733, 0.070907, 0.038683, -0.041156, 0.857915, -0.512141, -0.069501, 0.508876, 0.858030)
    }},
    {Time = 0.033, Data = {
      ["Head"] = CFrame.new(-0.003107, 0.068928, 0.157247, 0.133494, 0.542370, 0.829466, -0.069152, 0.840015, -0.538139, -0.988634, 0.014479, 0.149643),
      ["LeftFoot"] = CFrame.new(-0.000000, -0.159705, -0.000003, 0.862920, -0.469579, -0.186721, 0.505134, 0.812094, 0.292159, 0.014448, -0.346408, 0.937965),
      ["LeftHand"] = CFrame.new(0.000522, -0.033422, -0.000001, -0.090709, -0.965611, -0.243655, 0.992316, -0.066964, -0.104044, 0.084151, -0.251219, 0.964265),
      ["LeftLowerArm"] = CFrame.new(0.005950, -0.067962, 0.011216, 1.000000, -0.000000, -0.000000, 0.000000, 1.000000, -0.000001, 0.000000, -0.000000, 1.000000),
      ["LeftLowerLeg"] = CFrame.new(0.000000, -0.158762, -0.002005, 1.000000, 0.000000, -0.000000, -0.000000, 1.000000, -0.000006, 0.000000, -0.000009, 1.000000),
      ["LeftUpperArm"] = CFrame.new(-0.420475, -0.237678, -0.336400, -0.042902, 0.991376, 0.123829, 0.349951, 0.131003, -0.927563, -0.935785, 0.003540, -0.352554),
      ["LeftUpperLeg"] = CFrame.new(-0.000723, -0.097400, -0.061040, 0.738645, 0.556227, 0.380807, 0.025950, 0.541028, -0.840598, -0.673595, 0.630794, 0.385202),
      ["LowerTorso"] = CFrame.new(0.162280, -1.065698, -4.135716, 0.994648, 0.051897, -0.089347, 0.102442, -0.608173, 0.787167, -0.013487, -0.792107, -0.610234),
      ["RightFoot"] = CFrame.new(0.000000, -0.154602, -0.000103, 0.844357, 0.461223, 0.272664, -0.522725, 0.820818, 0.230284, -0.117560, -0.336943, 0.934143),
      ["RightHand"] = CFrame.new(-0.000484, 0.024680, 0.000000, 0.676509, 0.735517, -0.036744, -0.724857, 0.656231, -0.209624, -0.130069, 0.168447, 0.977091),
      ["RightLowerArm"] = CFrame.new(-0.011270, 0.078996, 0.086015, 1.000000, 0.000000, -0.000000, -0.000000, 0.073538, -0.997292, -0.000000, 0.997292, 0.073537),
      ["RightLowerLeg"] = CFrame.new(0.000000, -0.153685, -0.001993, 1.000000, 0.000000, 0.000000, 0.000000, 1.000000, -0.000012, 0.000000, -0.000015, 1.000000),
      ["RightUpperArm"] = CFrame.new(-0.031591, -0.031964, -0.309284, 0.715133, -0.013292, -0.698862, 0.050424, 0.998195, 0.032613, 0.697168, -0.058562, 0.714513),
      ["RightUpperLeg"] = CFrame.new(-0.016717, -0.066244, -0.093047, 0.944487, -0.316755, 0.087191, 0.239846, 0.483295, -0.841954, 0.224540, 0.816145, 0.532457),
      ["UpperTorso"] = CFrame.new(-0.019873, 0.120486, -0.030757, 0.996688, 0.071547, 0.038644, -0.041144, 0.853628, -0.519255, -0.070138, 0.515946, 0.853745)
    }},
    {Time = 0.067, Data = {
      ["Head"] = CFrame.new(-0.003107, 0.068928, 0.157247, 0.133494, 0.542370, 0.829466, -0.069152, 0.840015, -0.538139, -0.988634, 0.014479, 0.149643),
      ["LeftFoot"] = CFrame.new(-0.000000, -0.160705, -0.000003, 0.863173, -0.469317, -0.186209, 0.504725, 0.811953, 0.293254, 0.013569, -0.347092, 0.937725),
      ["LeftHand"] = CFrame.new(0.000507, -0.010652, -0.000001, -0.081333, -0.967464, -0.239580, 0.992085, -0.055512, -0.112628, 0.095665, -0.246842, 0.964322),
      ["LeftLowerArm"] = CFrame.new(0.005758, -0.044152, 0.010757, 1.000000, -0.000000, -0.000000, 0.000000, 1.000000, -0.000001, 0.000000, -0.000000, 1.000000),
      ["LeftLowerLeg"] = CFrame.new(-0.000000, -0.159759, -0.002018, 1.000000, -0.000000, -0.000000, -0.000000, 1.000000, -0.000006, -0.000000, -0.000009, 1.000000),
      ["LeftUpperArm"] = CFrame.new(-0.415626, -0.240892, -0.337786, -0.033204, 0.990244, 0.135327, 0.343523, 0.138461, -0.928881, -0.938557, 0.015645, -0.344769),
      ["LeftUpperLeg"] = CFrame.new(-0.000723, -0.097399, -0.061041, 0.738982, 0.556531, 0.379707, 0.029202, 0.536600, -0.843326, -0.673092, 0.634298, 0.380295),
      ["LowerTorso"] = CFrame.new(0.163215, -1.063519, -4.136906, 0.994652, 0.052052, -0.089212, 0.102358, -0.612350, 0.783933, -0.013824, -0.788871, -0.614403),
      ["RightFoot"] = CFrame.new(-0.000000, -0.155384, -0.000103, 0.844855, 0.460855, 0.271742, -0.522192, 0.820826, 0.231466, -0.116346, -0.337429, 0.934120),
      ["RightHand"] = CFrame.new(-0.000484, 0.024616, -0.000000, 0.677905, 0.734285, -0.035652, -0.723256, 0.657465, -0.211282, -0.131701, 0.169014, 0.976775),
      ["RightLowerArm"] = CFrame.new(-0.011271, 0.078907, 0.085318, 1.000000, 0.000000, -0.000000, -0.000000, 0.080790, -0.996731, -0.000000, 0.996731, 0.080789),
      ["RightLowerLeg"] = CFrame.new(-0.000000, -0.154464, -0.002003, 1.000000, 0.000000, 0.000000, -0.000000, 1.000000, -0.000012, 0.000000, -0.000015, 1.000000),
      ["RightUpperArm"] = CFrame.new(-0.032217, -0.032616, -0.308594, 0.716383, -0.016822, -0.697504, 0.051728, 0.998239, 0.029054, 0.695787, -0.056894, 0.715992),
      ["RightUpperLeg"] = CFrame.new(-0.016717, -0.066244, -0.093048, 0.944770, -0.315663, 0.088077, 0.238658, 0.478390, -0.845088, 0.224615, 0.819451, 0.527323),
      ["UpperTorso"] = CFrame.new(-0.020696, 0.120919, -0.030299, 0.996644, 0.072196, 0.038589, -0.041146, 0.849311, -0.526287, -0.070770, 0.522933, 0.849431)
    }},
    {Time = 0.100, Data = {
      ["Head"] = CFrame.new(-0.003107, 0.068928, 0.157247, 0.133494, 0.542370, 0.829466, -0.069152, 0.840015, -0.538139, -0.988634, 0.014479, 0.149643),
      ["LeftFoot"] = CFrame.new(-0.000000, -0.161697, -0.000003, 0.863411, -0.469070, -0.185728, 0.504340, 0.811804, 0.294327, 0.012719, -0.347774, 0.937484),
      ["LeftHand"] = CFrame.new(0.000497, 0.004087, -0.000001, -0.066485, -0.970313, -0.232535, 0.997668, -0.068257, -0.000425, -0.015458, -0.232019, 0.972588),
      ["LeftLowerArm"] = CFrame.new(0.005633, -0.003210, 0.013797, 1.000000, -0.000000, -0.000000, 0.000000, 0.966307, -0.257392, 0.000000, 0.257391, 0.966307),
      ["LeftLowerLeg"] = CFrame.new(0.000000, -0.160748, -0.002031, 1.000000, 0.000000, 0.000000, -0.000000, 1.000000, -0.000006, 0.000000, -0.000009, 1.000000),
      ["LeftUpperArm"] = CFrame.new(-0.407975, -0.245517, -0.339661, -0.017902, 0.959678, 0.280531, 0.334274, 0.270176, -0.902921, -0.942306, 0.077610, -0.325632),
      ["LeftUpperLeg"] = CFrame.new(-0.000723, -0.097400, -0.061040, 0.739300, 0.556846, 0.378623, 0.032346, 0.532254, -0.845961, -0.672599, 0.637673, 0.375493),
      ["LowerTorso"] = CFrame.new(0.164172, -1.061386, -4.138066, 0.994657, 0.052185, -0.089076, 0.102261, -0.616395, 0.780769, -0.014162, -0.785706, -0.618438),
      ["RightFoot"] = CFrame.new(0.000000, -0.156143, -0.000103, 0.845353, 0.460486, 0.270818, -0.521652, 0.820842, 0.232620, -0.115146, -0.337892, 0.934101),
      ["RightHand"] = CFrame.new(-0.000484, 0.024544, -0.000000, 0.678702, 0.733581, -0.034971, -0.722278, 0.658109, -0.212620, -0.132959, 0.169564, 0.976509),
      ["RightLowerArm"] = CFrame.new(-0.011271, 0.078797, 0.084526, 1.000000, 0.000000, -0.000000, 0.000000, 0.089025, -0.996029, -0.000000, 0.996029, 0.089024),
      ["RightLowerLeg"] = CFrame.new(-0.000000, -0.155221, -0.002013, 1.000000, -0.000000, 0.000000, -0.000000, 1.000000, -0.000012, 0.000000, -0.000015, 1.000000),
      ["RightUpperArm"] = CFrame.new(-0.032541, -0.033462, -0.308196, 0.717031, -0.021458, -0.696710, 0.053419, 0.998278, 0.024230, 0.694991, -0.054591, 0.716944),
      ["RightUpperLeg"] = CFrame.new(-0.016717, -0.066243, -0.093048, 0.945052, -0.314576, 0.088941, 0.237503, 0.473612, -0.848099, 0.224655, 0.822638, 0.522320),
      ["UpperTorso"] = CFrame.new(-0.021533, 0.121350, -0.029858, 0.996598, 0.072856, 0.038520, -0.041161, 0.844968, -0.533231, -0.071397, 0.529832, 0.845092)
    }},
    {Time = 0.133, Data = {
      ["Head"] = CFrame.new(-0.003107, 0.068927, 0.157247, 0.133494, 0.542370, 0.829466, -0.069152, 0.840015, -0.538139, -0.988634, 0.014479, 0.149643),
      ["LeftFoot"] = CFrame.new(0.000000, -0.162676, -0.000003, 0.863633, -0.468840, -0.185277, 0.503980, 0.811646, 0.295379, 0.011898, -0.348454, 0.937243),
      ["LeftHand"] = CFrame.new(0.000494, 0.008619, 0.000000, -0.045143, -0.973909, -0.222408, 0.988366, -0.075911, 0.131799, -0.145241, -0.213868, 0.966004),
      ["LeftLowerArm"] = CFrame.new(0.005595, 0.029430, 0.026161, 1.000000, -0.000000, -0.000000, 0.000000, 0.840071, -0.542477, 0.000000, 0.542477, 0.840071),
      ["LeftLowerLeg"] = CFrame.new(0.000000, -0.161725, -0.002044, 1.000000, 0.000000, 0.000000, -0.000000, 1.000000, -0.000006, 0.000000, -0.000009, 1.000000),
      ["LeftUpperArm"] = CFrame.new(-0.397016, -0.251612, -0.341859, 0.004016, 0.893016, 0.450006, 0.322085, 0.424874, -0.846016, -0.946702, 0.148338, -0.285921),
      ["LeftUpperLeg"] = CFrame.new(-0.000723, -0.097399, -0.061040, 0.739599, 0.557175, 0.377555, 0.035382, 0.527996, -0.848504, -0.672117, 0.640919, 0.370800),
      ["LowerTorso"] = CFrame.new(0.165153, -1.059299, -4.139194, 0.994663, 0.052297, -0.088940, 0.102152, -0.620305, 0.777681, -0.014499, -0.782615, -0.622337),
      ["RightFoot"] = CFrame.new(-0.000000, -0.156878, -0.000103, 0.845850, 0.460115, 0.269893, -0.521106, 0.820869, 0.233749, -0.113960, -0.338332, 0.934087),
      ["RightHand"] = CFrame.new(-0.000484, 0.024474, -0.000000, 0.678957, 0.733359, -0.034666, -0.721866, 0.658215, -0.213687, -0.133891, 0.170107, 0.976287),
      ["RightLowerArm"] = CFrame.new(-0.011272, 0.078674, 0.083644, 1.000000, 0.000000, -0.000000, -0.000000, 0.098194, -0.995167, -0.000000, 0.995167, 0.098193),
      ["RightLowerLeg"] = CFrame.new(-0.000000, -0.155953, -0.002023, 1.000000, 0.000000, 0.000000, -0.000000, 1.000000, -0.000012, 0.000000, -0.000015, 1.000000),
      ["RightUpperArm"] = CFrame.new(-0.032592, -0.034487, -0.308062, 0.717134, -0.027125, -0.696407, 0.055467, 0.998294, 0.018233, 0.694724, -0.051703, 0.717416),
      ["RightUpperLeg"] = CFrame.new(-0.016717, -0.066245, -0.093048, 0.945332, -0.313494, 0.089784, 0.236380, 0.468967, -0.850989, 0.224661, 0.825707, 0.517451),
      ["UpperTorso"] = CFrame.new(-0.022383, 0.121781, -0.029436, 0.996552, 0.073526, 0.038434, -0.041191, 0.840605, -0.540080, -0.072017, 0.536635, 0.840735)
    }},
    {Time = 0.167, Data = {
      ["Head"] = CFrame.new(-0.003107, 0.068928, 0.157247, 0.133494, 0.542370, 0.829466, -0.069152, 0.840015, -0.538138, -0.988634, 0.014479, 0.149643),
      ["LeftFoot"] = CFrame.new(0.000000, -0.163645, -0.000003, 0.863840, -0.468625, -0.184858, 0.503644, 0.811478, 0.296412, 0.011107, -0.349133, 0.936999),
      ["LeftHand"] = CFrame.new(0.000490, 0.015930, 0.000000, -0.015527, -0.977893, -0.208529, 0.971631, -0.063979, 0.227685, -0.235991, -0.199076, 0.951144),
      ["LeftLowerArm"] = CFrame.new(0.005536, 0.055188, 0.041837, 1.000000, -0.000000, -0.000000, 0.000000, 0.677165, -0.735831, 0.000000, 0.735831, 0.677165),
      ["LeftLowerLeg"] = CFrame.new(-0.000000, -0.162689, -0.002056, 1.000000, 0.000000, -0.000000, -0.000000, 1.000000, -0.000006, 0.000000, -0.000009, 1.000000),
      ["LeftUpperArm"] = CFrame.new(-0.381861, -0.259507, -0.344166, 0.034327, 0.809019, 0.586779, 0.306295, 0.550355, -0.776719, -0.951317, 0.206390, -0.228907),
      ["LeftUpperLeg"] = CFrame.new(-0.000723, -0.097398, -0.061041, 0.739879, 0.557515, 0.376502, 0.038308, 0.523826, -0.850958, -0.671648, 0.644036, 0.366220),
      ["LowerTorso"] = CFrame.new(0.166158, -1.057259, -4.140290, 0.994671, 0.052387, -0.088803, 0.102030, -0.624081, 0.774670, -0.014837, -0.779602, -0.626100),
      ["RightFoot"] = CFrame.new(0.000000, -0.157588, -0.000102, 0.846346, 0.459744, 0.268967, -0.520554, 0.820904, 0.234851, -0.112790, -0.338750, 0.934078),
      ["RightHand"] = CFrame.new(-0.000484, 0.024424, 0.000000, 0.678726, 0.733572, -0.034696, -0.721960, 0.657835, -0.214537, -0.134553, 0.170661, 0.976099),
      ["RightLowerArm"] = CFrame.new(-0.011273, 0.078542, 0.082673, 1.000000, 0.000000, 0.000000, -0.000000, 0.108267, -0.994122, -0.000000, 0.994122, 0.108266),
      ["RightLowerLeg"] = CFrame.new(-0.000000, -0.156660, -0.002032, 1.000000, 0.000000, -0.000000, -0.000000, 1.000000, -0.000012, 0.000000, -0.000015, 1.000000),
      ["RightUpperArm"] = CFrame.new(-0.032399, -0.035673, -0.308165, 0.716748, -0.033757, -0.696514, 0.057841, 0.998264, 0.011139, 0.694929, -0.048271, 0.717457),
      ["RightUpperLeg"] = CFrame.new(-0.016717, -0.066243, -0.093049, 0.945610, -0.312415, 0.090605, 0.235290, 0.464456, -0.853761, 0.224633, 0.828660, 0.512721),
      ["UpperTorso"] = CFrame.new(-0.023247, 0.122214, -0.029033, 0.996506, 0.074204, 0.038332, -0.041234, 0.836228, -0.546830, -0.072631, 0.543339, 0.836366)
    }},
    {Time = 0.200, Data = {
      ["Head"] = CFrame.new(-0.003107, 0.068929, 0.157247, 0.133494, 0.542370, 0.829466, -0.069152, 0.840015, -0.538139, -0.988634, 0.014479, 0.149643),
      ["LeftFoot"] = CFrame.new(-0.000000, -0.164600, -0.000003, 0.864031, -0.468426, -0.184470, 0.503333, 0.811301, 0.297424, 0.010344, -0.349812, 0.936755),
      ["LeftHand"] = CFrame.new(0.000487, 0.019923, -0.000001, 0.025209, -0.981593, -0.189315, 0.950371, -0.035211, 0.309122, -0.310095, -0.187711, 0.931989),
      ["LeftLowerArm"] = CFrame.new(0.005505, 0.072253, 0.060646, 1.000000, -0.000000, -0.000000, 0.000000, 0.481949, -0.876199, 0.000000, 0.876199, 0.481949),
      ["LeftLowerLeg"] = CFrame.new(0.000000, -0.163642, -0.002069, 1.000000, 0.000000, 0.000000, -0.000000, 1.000000, -0.000006, -0.000000, -0.000009, 1.000000),
      ["LeftUpperArm"] = CFrame.new(-0.361085, -0.269987, -0.346218, 0.075879, 0.701269, 0.708847, 0.285333, 0.665897, -0.689323, -0.955420, 0.254562, -0.149568),
      ["LeftUpperLeg"] = CFrame.new(-0.000723, -0.097400, -0.061040, 0.740140, 0.557869, 0.375464, 0.041123, 0.519750, -0.853323, -0.671194, 0.647026, 0.361755),
      ["LowerTorso"] = CFrame.new(0.167187, -1.055265, -4.141352, 0.994679, 0.052455, -0.088665, 0.101896, -0.627721, 0.771741, -0.015175, -0.776669, -0.629726),
      ["RightFoot"] = CFrame.new(0.000000, -0.158272, -0.000102, 0.846842, 0.459373, 0.268040, -0.519997, 0.820949, 0.235928, -0.111633, -0.339146, 0.934073),
      ["RightHand"] = CFrame.new(-0.000484, 0.024371, 0.000000, 0.678066, 0.734166, -0.035022, -0.722500, 0.657026, -0.215200, -0.134981, 0.171223, 0.975942),
      ["RightLowerArm"] = CFrame.new(-0.011273, 0.078389, 0.081626, 1.000000, 0.000000, 0.000000, -0.000000, 0.119135, -0.992878, -0.000000, 0.992878, 0.119134),
      ["RightLowerLeg"] = CFrame.new(0.000000, -0.157341, -0.002042, 1.000000, 0.000000, 0.000000, -0.000000, 1.000000, -0.000012, 0.000000, -0.000015, 1.000000),
      ["RightUpperArm"] = CFrame.new(-0.031990, -0.037008, -0.308473, 0.715929, -0.041252, -0.696953, 0.060512, 0.998163, 0.003079, 0.695546, -0.044378, 0.717110),
      ["RightUpperLeg"] = CFrame.new(-0.016717, -0.066243, -0.093047, 0.945887, -0.311342, 0.091404, 0.234233, 0.460085, -0.856414, 0.224571, 0.831497, 0.508134),
      ["UpperTorso"] = CFrame.new(-0.024125, 0.122645, -0.028648, 0.996459, 0.074891, 0.038213, -0.041293, 0.831842, -0.553475, -0.073238, 0.549937, 0.831989)
    }},
    {Time = 0.233, Data = {
      ["Head"] = CFrame.new(-0.003107, 0.068927, 0.157247, 0.133494, 0.542370, 0.829466, -0.069152, 0.840015, -0.538139, -0.988634, 0.014479, 0.149643),
      ["LeftFoot"] = CFrame.new(0.000000, -0.165542, -0.000003, 0.864205, -0.468243, -0.184114, 0.503047, 0.811114, 0.298416, 0.009611, -0.350489, 0.936509),
      ["LeftHand"] = CFrame.new(0.000486, 0.021984, -0.000000, 0.081328, -0.983359, -0.162451, 0.928458, 0.015479, 0.371117, -0.362424, -0.181010, 0.914265),
      ["LeftLowerArm"] = CFrame.new(0.005492, 0.081918, 0.080087, 1.000000, -0.000000, -0.000000, 0.000000, 0.280410, -0.959880, 0.000000, 0.959880, 0.280410),
      ["LeftLowerLeg"] = CFrame.new(0.000000, -0.164581, -0.002082, 1.000000, -0.000000, 0.000000, -0.000000, 1.000000, -0.000006, 0.000000, -0.000009, 1.000000),
      ["LeftUpperArm"] = CFrame.new(-0.332574, -0.284230, -0.347142, 0.132900, 0.575086, 0.807226, 0.256850, 0.766643, -0.588461, -0.957270, 0.285542, -0.045824),
      ["LeftUpperLeg"] = CFrame.new(-0.000723, -0.097399, -0.061041, 0.740381, 0.558237, 0.374442, 0.043825, 0.515770, -0.855600, -0.670757, 0.649887, 0.357409),
      ["LowerTorso"] = CFrame.new(0.168239, -1.053318, -4.142379, 0.994689, 0.052500, -0.088527, 0.101748, -0.631225, 0.768897, -0.015514, -0.773821, -0.633214),
      ["RightFoot"] = CFrame.new(-0.000000, -0.158929, -0.000102, 0.847337, 0.459000, 0.267112, -0.519434, 0.821003, 0.236978, -0.110492, -0.339520, 0.934073),
      ["RightHand"] = CFrame.new(-0.000484, 0.024314, 0.000000, 0.677032, 0.735092, -0.035606, -0.723425, 0.655838, -0.215717, -0.135219, 0.171805, 0.975807),
      ["RightLowerArm"] = CFrame.new(-0.011275, 0.078213, 0.080508, 1.000000, 0.000000, -0.000000, -0.000000, 0.130731, -0.991418, -0.000000, 0.991418, 0.130731),
      ["RightLowerLeg"] = CFrame.new(-0.000000, -0.157998, -0.002050, 1.000000, 0.000000, -0.000000, -0.000000, 1.000000, -0.000012, -0.000000, -0.000015, 1.000000),
      ["RightUpperArm"] = CFrame.new(-0.031391, -0.038477, -0.308957, 0.714732, -0.049528, -0.697642, 0.063448, 0.997968, -0.005848, 0.696515, -0.040084, 0.716422),
      ["RightUpperLeg"] = CFrame.new(-0.016717, -0.066243, -0.093048, 0.946163, -0.310273, 0.092181, 0.233210, 0.455857, -0.858951, 0.224475, 0.834221, 0.503692),
      ["UpperTorso"] = CFrame.new(-0.025016, 0.123078, -0.028284, 0.996412, 0.075586, 0.038078, -0.041368, 0.827453, -0.560009, -0.073836, 0.556424, 0.827611)
    }},
    {Time = 0.267, Data = {
      ["Head"] = CFrame.new(-0.003107, 0.068927, 0.157247, 0.133494, 0.542370, 0.829466, -0.069152, 0.840015, -0.538139, -0.988634, 0.014479, 0.149643),
      ["LeftFoot"] = CFrame.new(0.000000, -0.166487, -0.000003, 0.864364, -0.468077, -0.183791, 0.502787, 0.810916, 0.299389, 0.008906, -0.351167, 0.936262),
      ["LeftHand"] = CFrame.new(0.000485, 0.023185, -0.000000, 0.158881, -0.979435, -0.124359, 0.906465, 0.094795, 0.411506, -0.391251, -0.178106, 0.902883),
      ["LeftLowerArm"] = CFrame.new(0.005484, 0.086152, 0.098118, 1.000000, -0.000000, -0.000000, 0.000000, 0.093512, -0.995618, 0.000000, 0.995618, 0.093512),
      ["LeftLowerLeg"] = CFrame.new(0.000000, -0.165523, -0.002094, 1.000000, 0.000000, 0.000000, -0.000000, 1.000000, -0.000006, 0.000000, -0.000009, 1.000000),
      ["LeftUpperArm"] = CFrame.new(-0.293365, -0.304097, -0.345007, 0.211318, 0.438266, 0.873652, 0.217115, 0.850459, -0.479146, -0.952999, 0.290935, 0.084563),
      ["LeftUpperLeg"] = CFrame.new(-0.000723, -0.097400, -0.061040, 0.740602, 0.558618, 0.373433, 0.046414, 0.511889, -0.857792, -0.670339, 0.652622, 0.353187),
      ["LowerTorso"] = CFrame.new(0.169317, -1.051417, -4.143369, 0.994700, 0.052521, -0.088390, 0.101587, -0.634592, 0.766142, -0.015853, -0.771061, -0.636564),
      ["RightFoot"] = CFrame.new(0.000000, -0.159575, -0.000103, 0.847832, 0.458626, 0.266182, -0.518865, 0.821066, 0.238002, -0.109364, -0.339871, 0.934078),
      ["RightHand"] = CFrame.new(-0.000484, 0.024254, 0.000001, 0.675678, 0.736297, -0.036409, -0.724673, 0.654324, -0.216126, -0.135309, 0.172416, 0.975686),
      ["RightLowerArm"] = CFrame.new(-0.011275, 0.078011, 0.079325, 1.000000, 0.000000, -0.000000, -0.000000, 0.142994, -0.989724, -0.000000, 0.989724, 0.142993),
      ["RightLowerLeg"] = CFrame.new(0.000000, -0.158641, -0.002059, 1.000000, 0.000000, 0.000000, -0.000000, 1.000000, -0.000011, 0.000000, -0.000015, 1.000000),
      ["RightUpperArm"] = CFrame.new(-0.030630, -0.040060, -0.309589, 0.713210, -0.058507, -0.698504, 0.066616, 0.997658, -0.015545, 0.697777, -0.035444, 0.715437),
      ["RightUpperLeg"] = CFrame.new(-0.016717, -0.066245, -0.093047, 0.946437, -0.309209, 0.092937, 0.232220, 0.451777, -0.861372, 0.224344, 0.836832, 0.499401),
      ["UpperTorso"] = CFrame.new(-0.025922, 0.123510, -0.027939, 0.996364, 0.076288, 0.037926, -0.041458, 0.823068, -0.566428, -0.074427, 0.562796, 0.823238)
    }},
    {Time = 0.300, Data = {
      ["Head"] = CFrame.new(-0.003107, 0.068927, 0.157247, 0.133494, 0.542370, 0.829466, -0.069152, 0.840015, -0.538139, -0.988634, 0.014479, 0.149643),
      ["LeftFoot"] = CFrame.new(0.000000, -0.167400, -0.000003, 0.864507, -0.467928, -0.183501, 0.502554, 0.810708, 0.300342, 0.008231, -0.351845, 0.936014),
      ["LeftHand"] = CFrame.new(0.000484, 0.023969, -0.000000, 0.265176, -0.961657, -0.069982, 0.878027, 0.210848, 0.429667, -0.398434, -0.175382, 0.900272),
      ["LeftLowerArm"] = CFrame.new(0.005480, 0.086763, 0.113411, 1.000000, -0.000000, 0.000000, 0.000000, -0.064988, -0.997886, 0.000000, 0.997886, -0.064988),
      ["LeftLowerLeg"] = CFrame.new(0.000000, -0.166433, -0.002106, 1.000000, 0.000000, 0.000000, -0.000000, 1.000000, -0.000006, 0.000000, -0.000009, 1.000000),
      ["LeftUpperArm"] = CFrame.new(-0.239974, -0.332342, -0.335683, 0.318102, 0.304064, 0.897974, 0.160626, 0.916194, -0.367134, -0.934350, 0.261024, 0.242602),
      ["LeftUpperLeg"] = CFrame.new(-0.000723, -0.097400, -0.061041, 0.740803, 0.559015, 0.372441, 0.048887, 0.508111, -0.859898, -0.669941, 0.655230, 0.349090),
      ["LowerTorso"] = CFrame.new(0.170419, -1.049565, -4.144321, 0.994713, 0.052519, -0.088253, 0.101413, -0.637821, 0.763479, -0.016193, -0.768392, -0.639775),
      ["RightFoot"] = CFrame.new(0.000000, -0.160176, -0.000102, 0.848326, 0.458252, 0.265252, -0.518291, 0.821139, 0.239000, -0.108251, -0.340200, 0.934088),
      ["RightHand"] = CFrame.new(-0.000484, 0.024190, 0.000001, 0.674058, 0.737732, -0.037392, -0.726183, 0.652534, -0.216468, -0.135295, 0.173065, 0.975573),
      ["RightLowerArm"] = CFrame.new(-0.011275, 0.077783, 0.078085, 1.000000, 0.000000, 0.000000, -0.000000, 0.155859, -0.987779, -0.000000, 0.987779, 0.155858),
      ["RightLowerLeg"] = CFrame.new(-0.000000, -0.159240, -0.002067, 1.000000, 0.000000, 0.000000, 0.000000, 1.000000, -0.000011, 0.000000, -0.000015, 1.000000),
      ["RightUpperArm"] = CFrame.new(-0.029733, -0.041746, -0.310338, 0.711417, -0.068106, -0.699462, 0.069986, 0.997211, -0.025917, 0.699276, -0.030515, 0.714200),
      ["RightUpperLeg"] = CFrame.new(-0.016717, -0.066245, -0.093048, 0.946710, -0.308150, 0.093670, 0.231264, 0.447848, -0.863677, 0.224179, 0.839330, 0.495265),
      ["UpperTorso"] = CFrame.new(-0.026842, 0.123944, -0.027616, 0.996316, 0.076997, 0.037756, -0.041566, 0.818693, -0.572725, -0.075008, 0.569046, 0.818878)
    }},
    {Time = 0.333, Data = {
      ["Head"] = CFrame.new(-0.003107, 0.068928, 0.157247, 0.133494, 0.542370, 0.829466, -0.069152, 0.840015, -0.538138, -0.988634, 0.014479, 0.149643),
      ["LeftFoot"] = CFrame.new(-0.000000, -0.168299, -0.000003, 0.864633, -0.467796, -0.183243, 0.502347, 0.810490, 0.301277, 0.007585, -0.352523, 0.935764),
      ["LeftHand"] = CFrame.new(0.000484, 0.024468, -0.000000, 0.404760, -0.914404, 0.005978, 0.826480, 0.368622, 0.425501, -0.391280, -0.167283, 0.904938),
      ["LeftLowerArm"] = CFrame.new(0.005479, 0.085458, 0.125245, 1.000000, -0.000000, 0.000000, 0.000000, -0.187685, -0.982229, 0.000000, 0.982229, -0.187685),
      ["LeftLowerLeg"] = CFrame.new(-0.000000, -0.167328, -0.002118, 1.000000, 0.000000, -0.000000, 0.000000, 1.000000, -0.000006, 0.000000, -0.000009, 1.000000),
      ["LeftUpperArm"] = CFrame.new(-0.170506, -0.372118, -0.311380, 0.457038, 0.195313, 0.867738, 0.081071, 0.962384, -0.259316, -0.885745, 0.188866, 0.424011),
      ["LeftUpperLeg"] = CFrame.new(-0.000723, -0.097399, -0.061041, 0.740984, 0.559426, 0.371461, 0.051244, 0.504439, -0.861920, -0.669564, 0.657711, 0.345123),
      ["LowerTorso"] = CFrame.new(0.171546, -1.047759, -4.145233, 0.994726, 0.052492, -0.088116, 0.101225, -0.640912, 0.760911, -0.016533, -0.765818, -0.642845),
      ["RightFoot"] = CFrame.new(0.000000, -0.160748, -0.000103, 0.848819, 0.457876, 0.264320, -0.517711, 0.821221, 0.239972, -0.107152, -0.340507, 0.934103),
      ["RightHand"] = CFrame.new(-0.000484, 0.024123, 0.000001, 0.672222, 0.739347, -0.038519, -0.727898, 0.650518, -0.216774, -0.135213, 0.173758, 0.975462),
      ["RightLowerArm"] = CFrame.new(-0.011276, 0.077528, 0.076792, 1.000000, 0.000000, -0.000000, -0.000000, 0.169256, -0.985572, -0.000000, 0.985572, 0.169256),
      ["RightLowerLeg"] = CFrame.new(0.000000, -0.159810, -0.002074, 1.000000, 0.000000, -0.000000, -0.000000, 1.000000, -0.000011, -0.000000, -0.000015, 1.000000),
      ["RightUpperArm"] = CFrame.new(-0.028727, -0.043515, -0.311178, 0.709404, -0.078246, -0.700445, 0.073526, 0.996612, -0.036865, 0.700957, -0.025348, 0.712753),
      ["RightUpperLeg"] = CFrame.new(-0.016717, -0.066244, -0.093048, 0.946982, -0.307095, 0.094381, 0.230343, 0.444075, -0.865869, 0.223979, 0.841719, 0.491286),
      ["UpperTorso"] = CFrame.new(-0.027776, 0.124380, -0.027315, 0.996268, 0.077712, 0.037569, -0.041691, 0.814334, -0.578897, -0.075580, 0.575170, 0.814535)
    }},
    {Time = 0.367, Data = {
      ["Head"] = CFrame.new(-0.003107, 0.068928, 0.157247, 0.133494, 0.542370, 0.829466, -0.069152, 0.840015, -0.538139, -0.988634, 0.014479, 0.149643),
      ["LeftFoot"] = CFrame.new(-0.000000, -0.169180, -0.000003, 0.864742, -0.467681, -0.183019, 0.502168, 0.810261, 0.302191, 0.006969, -0.353202, 0.935513),
      ["LeftHand"] = CFrame.new(0.000484, 0.024789, -0.000000, 0.567967, -0.816535, 0.103364, 0.728022, 0.556993, 0.399681, -0.383924, -0.151753, 0.910808),
      ["LeftLowerArm"] = CFrame.new(0.005479, 0.083582, 0.133475, 1.000000, -0.000000, 0.000000, 0.000000, -0.272979, -0.962020, 0.000000, 0.962020, -0.272980),
      ["LeftLowerLeg"] = CFrame.new(-0.000000, -0.168207, -0.002130, 1.000000, -0.000000, -0.000000, -0.000000, 1.000000, -0.000006, 0.000000, -0.000009, 1.000000),
      ["LeftUpperArm"] = CFrame.new(-0.090403, -0.424151, -0.261726, 0.617242, 0.141965, 0.773859, -0.022994, 0.986421, -0.162619, -0.786437, 0.082582, 0.612125),
      ["LeftUpperLeg"] = CFrame.new(-0.000723, -0.097400, -0.061040, 0.741144, 0.559853, 0.370498, 0.053482, 0.500876, -0.863860, -0.669212, 0.660067, 0.341289),
      ["LowerTorso"] = CFrame.new(0.172699, -1.046002, -4.146105, 0.994741, 0.052441, -0.087980, 0.101024, -0.643863, 0.758442, -0.016874, -0.763342, -0.645775),
      ["RightFoot"] = CFrame.new(-0.000000, -0.161289, -0.000102, 0.849312, 0.457500, 0.263387, -0.517126, 0.821313, 0.240918, -0.106068, -0.340792, 0.934123),
      ["RightHand"] = CFrame.new(-0.000484, 0.024054, -0.000001, 0.670219, 0.741098, -0.039756, -0.729763, 0.648324, -0.217076, -0.135099, 0.174500, 0.975345),
      ["RightLowerArm"] = CFrame.new(-0.011277, 0.077244, 0.075454, 1.000000, 0.000000, -0.000000, -0.000000, 0.183120, -0.983091, -0.000000, 0.983091, 0.183119),
      ["RightLowerLeg"] = CFrame.new(-0.000000, -0.160350, -0.002081, 1.000000, 0.000000, -0.000000, 0.000000, 1.000000, -0.000011, -0.000000, -0.000015, 1.000000),
      ["RightUpperArm"] = CFrame.new(-0.027635, -0.045354, -0.312083, 0.707219, -0.088843, -0.701390, 0.077204, 0.995845, -0.048295, 0.702766, -0.019995, 0.711140),
      ["RightUpperLeg"] = CFrame.new(-0.016717, -0.066245, -0.093048, 0.947253, -0.306046, 0.095070, 0.229456, 0.440460, -0.867949, 0.223745, 0.843997, 0.487470),
      ["UpperTorso"] = CFrame.new(-0.028724, 0.124816, -0.027035, 0.996219, 0.078433, 0.037363, -0.041833, 0.809999, -0.584938, -0.076142, 0.581163, 0.810217)
    }},
    {Time = 0.400, Data = {
      ["Head"] = CFrame.new(-0.003107, 0.068928, 0.157247, 0.133494, 0.542370, 0.829466, -0.069152, 0.840015, -0.538139, -0.988634, 0.014479, 0.149643),
      ["LeftFoot"] = CFrame.new(0.000000, -0.170045, -0.000003, 0.864835, -0.467584, -0.182830, 0.502016, 0.810020, 0.303088, 0.006382, -0.353883, 0.935260),
      ["LeftHand"] = CFrame.new(0.000484, 0.024985, 0.000000, 0.719825, -0.662575, 0.206995, 0.575150, 0.736244, 0.356580, -0.388656, -0.137620, 0.911045),
      ["LeftLowerArm"] = CFrame.new(0.005478, 0.082076, 0.138408, 1.000000, -0.000000, 0.000000, 0.000000, -0.324126, -0.946014, 0.000000, 0.946014, -0.324127),
      ["LeftLowerLeg"] = CFrame.new(-0.000000, -0.169068, -0.002141, 1.000000, 0.000000, 0.000000, -0.000000, 1.000000, -0.000006, -0.000000, -0.000009, 1.000000),
      ["LeftUpperArm"] = CFrame.new(-0.017509, -0.481229, -0.184329, 0.763031, 0.158542, 0.626616, -0.137153, 0.987089, -0.082735, -0.631643, -0.022812, 0.774924),
      ["LeftUpperLeg"] = CFrame.new(-0.000723, -0.097400, -0.061040, 0.741284, 0.560296, 0.369547, 0.055600, 0.497425, -0.865718, -0.668885, 0.662297, 0.337590),
      ["LowerTorso"] = CFrame.new(0.173877, -1.044293, -4.146934, 0.994757, 0.052364, -0.087845, 0.100808, -0.646674, 0.756076, -0.017215, -0.760967, -0.648562),
      ["RightFoot"] = CFrame.new(0.000000, -0.161799, -0.000103, 0.849804, 0.457123, 0.262453, -0.516535, 0.821414, 0.241838, -0.104997, -0.341054, 0.934148),
      ["RightHand"] = CFrame.new(-0.000484, 0.023983, -0.000000, 0.668098, 0.742939, -0.041068, -0.731727, 0.645998, -0.217399, -0.134984, 0.175294, 0.975218),
      ["RightLowerArm"] = CFrame.new(-0.011278, 0.076933, 0.074080, 1.000000, 0.000000, -0.000000, -0.000000, 0.197370, -0.980329, -0.000000, 0.980329, 0.197369),
      ["RightLowerLeg"] = CFrame.new(-0.000000, -0.160858, -0.002088, 1.000000, 0.000000, -0.000000, -0.000000, 1.000000, -0.000011, 0.000000, -0.000015, 1.000000),
      ["RightUpperArm"] = CFrame.new(-0.026480, -0.047249, -0.313029, 0.704910, -0.099812, -0.702238, 0.080993, 0.994901, -0.060108, 0.704657, -0.014505, 0.709400),
      ["RightUpperLeg"] = CFrame.new(-0.016717, -0.066244, -0.093047, 0.947523, -0.305001, 0.095737, 0.228604, 0.437009, -0.869916, 0.223475, 0.846166, 0.483819),
      ["UpperTorso"] = CFrame.new(-0.029686, 0.125254, -0.026777, 0.996170, 0.079158, 0.037140, -0.041994, 0.805692, -0.590844, -0.076694, 0.587021, 0.805931)
    }},
    {Time = 0.433, Data = {
      ["Head"] = CFrame.new(-0.003107, 0.068929, 0.157247, 0.133494, 0.542370, 0.829466, -0.069152, 0.840015, -0.538139, -0.988634, 0.014479, 0.149643),
      ["LeftFoot"] = CFrame.new(0.000000, -0.170893, -0.000003, 0.864911, -0.467504, -0.182675, 0.501892, 0.809768, 0.303966, 0.005823, -0.354564, 0.935005),
      ["LeftHand"] = CFrame.new(0.000484, 0.025081, 0.000000, 0.821268, -0.490975, 0.290627, 0.404751, 0.860376, 0.309727, -0.402114, -0.136736, 0.905320),
      ["LeftLowerArm"] = CFrame.new(0.005477, 0.081238, 0.140801, 1.000000, -0.000000, 0.000000, 0.000000, -0.348939, -0.937145, 0.000000, 0.937145, -0.348940),
      ["LeftLowerLeg"] = CFrame.new(-0.000000, -0.169913, -0.002152, 1.000000, 0.000000, -0.000000, -0.000000, 1.000000, -0.000006, 0.000000, -0.000009, 1.000000),
      ["LeftUpperArm"] = CFrame.new(0.029408, -0.529042, -0.098506, 0.856865, 0.216898, 0.467694, -0.232775, 0.972224, -0.024409, -0.459998, -0.087952, 0.883553),
      ["LeftUpperLeg"] = CFrame.new(-0.000723, -0.097399, -0.061041, 0.741402, 0.560755, 0.368612, 0.057597, 0.494089, -0.867496, -0.668585, 0.664401, 0.334030),
      ["LowerTorso"] = CFrame.new(0.175082, -1.042632, -4.147720, 0.994774, 0.052262, -0.087710, 0.100579, -0.649344, 0.753815, -0.017558, -0.758697, -0.651207),
      ["RightFoot"] = CFrame.new(0.000000, -0.162278, -0.000102, 0.850296, 0.456744, 0.261518, -0.515940, 0.821525, 0.242732, -0.103941, -0.341294, 0.934178),
      ["RightHand"] = CFrame.new(-0.000484, 0.023910, 0.000001, 0.665904, 0.744830, -0.042425, -0.733741, 0.643586, -0.217766, -0.134894, 0.176139, 0.975079),
      ["RightLowerArm"] = CFrame.new(-0.011278, 0.076593, 0.072674, 1.000000, 0.000000, -0.000000, -0.000000, 0.211930, -0.977285, -0.000000, 0.977285, 0.211929),
      ["RightLowerLeg"] = CFrame.new(0.000000, -0.161334, -0.002094, 1.000000, 0.000000, -0.000000, -0.000000, 1.000000, -0.000011, 0.000000, -0.000014, 1.000000),
      ["RightUpperArm"] = CFrame.new(-0.025287, -0.049183, -0.313991, 0.702524, -0.111067, -0.702939, 0.084862, 0.993773, -0.072208, 0.706582, -0.008925, 0.707575),
      ["RightUpperLeg"] = CFrame.new(-0.016717, -0.066244, -0.093048, 0.947791, -0.303962, 0.096382, 0.227786, 0.433724, -0.871772, 0.223170, 0.848228, 0.480337),
      ["UpperTorso"] = CFrame.new(-0.030662, 0.125693, -0.026544, 0.996121, 0.079889, 0.036898, -0.042175, 0.801422, -0.596610, -0.077234, 0.592739, 0.801683)
    }},
    {Time = 0.467, Data = {
      ["Head"] = CFrame.new(-0.003107, 0.068928, 0.157247, 0.133494, 0.542370, 0.829466, -0.069152, 0.840015, -0.538139, -0.988634, 0.014479, 0.149643),
      ["LeftFoot"] = CFrame.new(-0.000000, -0.171722, -0.000003, 0.864970, -0.467442, -0.182554, 0.501796, 0.809504, 0.304825, 0.005295, -0.355247, 0.934749),
      ["LeftHand"] = CFrame.new(0.000483, 0.025112, 0.000000, 0.868067, -0.362074, 0.339653, 0.275986, 0.920658, 0.276083, -0.412664, -0.145917, 0.899118),
      ["LeftLowerArm"] = CFrame.new(0.005477, 0.080959, 0.141557, 1.000000, -0.000000, 0.000000, 0.000000, -0.356791, -0.934184, 0.000000, 0.934184, -0.356792),
      ["LeftLowerLeg"] = CFrame.new(-0.000000, -0.170740, -0.002163, 1.000000, -0.000000, -0.000000, -0.000000, 1.000000, -0.000006, 0.000000, -0.000009, 1.000000),
      ["LeftUpperArm"] = CFrame.new(0.049783, -0.558154, -0.034042, 0.897614, 0.269724, 0.348624, -0.291002, 0.956679, 0.009090, -0.331070, -0.109609, 0.937219),
      ["LeftUpperLeg"] = CFrame.new(-0.000723, -0.097399, -0.061041, 0.741499, 0.561232, 0.367690, 0.059472, 0.490872, -0.869195, -0.668313, 0.666381, 0.330612),
      ["LowerTorso"] = CFrame.new(0.176312, -1.041020, -4.148461, 0.994793, 0.052134, -0.087577, 0.100336, -0.651871, 0.751662, -0.017902, -0.756535, -0.653708),
      ["RightFoot"] = CFrame.new(0.000000, -0.162723, -0.000102, 0.850786, 0.456365, 0.260581, -0.515339, 0.821644, 0.243601, -0.102899, -0.341513, 0.934214),
      ["RightHand"] = CFrame.new(-0.000484, 0.023836, 0.000000, 0.663681, 0.746733, -0.043795, -0.735761, 0.641132, -0.218188, -0.134849, 0.177029, 0.974923),
      ["RightLowerArm"] = CFrame.new(-0.011279, 0.076223, 0.071248, 1.000000, 0.000000, 0.000000, -0.000000, 0.226710, -0.973962, -0.000000, 0.973962, 0.226709),
      ["RightLowerLeg"] = CFrame.new(-0.000000, -0.161778, -0.002101, 1.000000, 0.000000, 0.000000, -0.000000, 1.000000, -0.000011, 0.000000, -0.000014, 1.000000),
      ["RightUpperArm"] = CFrame.new(-0.024077, -0.051143, -0.314950, 0.700104, -0.122519, -0.703451, 0.088783, 0.992461, -0.084495, 0.708500, -0.003300, 0.705704),
      ["RightUpperLeg"] = CFrame.new(-0.016717, -0.066243, -0.093047, 0.948059, -0.302928, 0.097004, 0.227004, 0.430610, -0.873519, 0.222830, 0.850182, 0.477028),
      ["UpperTorso"] = CFrame.new(-0.031653, 0.126135, -0.026333, 0.996071, 0.080624, 0.036638, -0.042375, 0.797196, -0.602232, -0.077762, 0.598313, 0.797480)
    }},
    {Time = 0.500, Data = {
      ["Head"] = CFrame.new(-0.003107, 0.068928, 0.157247, 0.133494, 0.542371, 0.829466, -0.069152, 0.840015, -0.538139, -0.988634, 0.014479, 0.149643),
      ["LeftFoot"] = CFrame.new(0.000000, -0.172532, -0.000003, 0.865011, -0.467398, -0.182469, 0.501729, 0.809229, 0.305666, 0.004796, -0.355932, 0.934491),
      ["LeftHand"] = CFrame.new(0.000483, 0.025107, -0.000000, 0.880394, -0.313860, 0.355528, 0.227209, 0.937180, 0.264707, -0.416272, -0.152265, 0.896398),
      ["LeftLowerArm"] = CFrame.new(0.005478, 0.081001, 0.141440, 1.000000, -0.000000, 0.000000, -0.000000, -0.355586, -0.934643, 0.000000, 0.934643, -0.355587),
      ["LeftLowerLeg"] = CFrame.new(0.000000, -0.171547, -0.002174, 1.000000, -0.000000, 0.000000, -0.000000, 1.000000, -0.000006, -0.000000, -0.000009, 1.000000),
      ["LeftUpperArm"] = CFrame.new(0.054825, -0.568020, -0.009509, 0.907699, 0.290836, 0.302485, -0.310735, 0.950312, 0.018742, -0.282004, -0.111004, 0.952970),
      ["LeftUpperLeg"] = CFrame.new(-0.000723, -0.097400, -0.061041, 0.741575, 0.561726, 0.366782, 0.061222, 0.487774, -0.870815, -0.668071, 0.668237, 0.327340),
      ["LowerTorso"] = CFrame.new(0.177569, -1.039457, -4.149156, 0.994812, 0.051980, -0.087445, 0.100078, -0.654257, 0.749622, -0.018246, -0.754484, -0.656065),
      ["RightFoot"] = CFrame.new(0.000000, -0.163134, -0.000103, 0.851277, 0.455985, 0.259644, -0.514733, 0.821774, 0.244443, -0.101871, -0.341709, 0.934255),
      ["RightHand"] = CFrame.new(-0.000484, 0.023723, -0.000000, 0.661469, 0.748612, -0.045153, -0.737751, 0.638685, -0.218645, -0.134841, 0.177938, 0.974759),
      ["RightLowerArm"] = CFrame.new(-0.011281, 0.075803, 0.069820, 1.000000, 0.000000, 0.000000, -0.000000, 0.241542, -0.970391, -0.000000, 0.970390, 0.241541),
      ["RightLowerLeg"] = CFrame.new(-0.000001, -0.162188, -0.002106, 1.000000, 0.000000, 0.000000, 0.000000, 1.000000, -0.000011, -0.000000, -0.000014, 1.000000),
      ["RightUpperArm"] = CFrame.new(-0.022871, -0.053118, -0.315886, 0.697691, -0.134046, -0.703746, 0.092731, 0.990973, -0.096822, 0.710372, 0.002293, 0.703823),
      ["RightUpperLeg"] = CFrame.new(-0.016717, -0.066244, -0.093048, 0.948326, -0.301898, 0.097603, 0.226258, 0.427669, -0.875156, 0.222454, 0.852031, 0.473894),
      ["UpperTorso"] = CFrame.new(-0.032659, 0.126577, -0.026146, 0.996021, 0.081362, 0.036359, -0.042595, 0.793019, -0.607706, -0.078277, 0.603739, 0.793329)
    }},
    {Time = 0.533, Data = {
      ["Head"] = CFrame.new(-0.003107, 0.068928, 0.157247, 0.133494, 0.542370, 0.829466, -0.069152, 0.840015, -0.538139, -0.988634, 0.014479, 0.149643),
      ["LeftFoot"] = CFrame.new(0.000000, -0.173945, -0.000003, 0.865674, -0.466699, -0.181110, 0.500602, 0.808752, 0.308760, 0.002380, -0.357927, 0.933738),
      ["LeftHand"] = CFrame.new(0.000483, 0.025070, -0.000000, 0.881438, -0.309439, 0.356815, 0.221290, 0.938001, 0.266808, -0.417250, -0.156213, 0.895263),
      ["LeftLowerArm"] = CFrame.new(0.005478, 0.081340, 0.140519, 1.000000, -0.000000, 0.000000, 0.000000, -0.346023, -0.938226, 0.000000, 0.938226, -0.346024),
