return {
  ["Bio special dance part 1"] = {
    {Time = 0.000, Data = {
      ["Head"] = CFrame.new(-0.003107, 0.068928, 0.157247, -0.063972, 0.067133, 0.995691, -0.061693, 0.995560, -0.071088, -0.996043, -0.065975, -0.059546),
      ["LeftFoot"] = CFrame.new(-0.000000, 0.015427, -0.000003, 0.971681, -0.150886, -0.181861, 0.115463, 0.974635, -0.191732, 0.206168, 0.165286, 0.964451),
      ["LeftHand"] = CFrame.new(0.000483, 0.025239, 0.000000, 0.834515, 0.497536, -0.236737, -0.370829, 0.824950, 0.426551, 0.407517, -0.268171, 0.872932),
      ["LeftLowerArm"] = CFrame.new(0.005477, 0.079727, 0.144670, 1.000000, -0.000000, 0.000000, 0.000000, -0.389093, -0.921198, 0.000000, 0.921198, -0.389094),
      ["LeftLowerLeg"] = CFrame.new(0.000000, 0.075763, -0.020631, 1.000000, -0.000000, -0.000000, 0.000000, 0.788749, 0.614718, -0.000000, -0.614716, 0.788747),
      ["LeftUpperArm"] = CFrame.new(-0.013726, 0.067213, 0.300094, 0.822528, -0.318301, -0.471308, -0.026829, 0.806072, -0.591208, 0.568091, 0.498931, 0.654478),
      ["LeftUpperLeg"] = CFrame.new(-0.000723, -0.097399, -0.061041, 0.965004, 0.247527, 0.086584, 0.257657, -0.833563, -0.488682, -0.048789, 0.493866, -0.868155),
      ["LowerTorso"] = CFrame.new(-0.130761, -0.214451, 0.121424, 0.999806, 0.009422, -0.017321, 0.019680, -0.531217, 0.847007, -0.001220, -0.847183, -0.531299),
      ["RightFoot"] = CFrame.new(0.000000, 0.006218, -0.000100, 0.937595, 0.216786, -0.271854, -0.279020, 0.935643, -0.216173, 0.207517, 0.278526, 0.937744),
      ["RightHand"] = CFrame.new(-0.000499, 0.002060, -0.000000, 0.648535, -0.699616, 0.299905, 0.558726, 0.169958, -0.811752, 0.516940, 0.694012, 0.501113),
      ["RightLowerArm"] = CFrame.new(-0.011603, -0.028276, -0.003112, 1.000000, -0.000000, 0.000000, -0.000000, 0.993504, -0.113795, -0.000000, 0.113795, 0.993504),
      ["RightLowerLeg"] = CFrame.new(-0.000000, 0.075917, -0.029178, 1.000000, 0.000000, -0.000000, -0.000000, 0.707362, 0.706852, 0.000000, -0.706851, 0.707362),
      ["RightUpperArm"] = CFrame.new(0.698979, -0.038203, 0.390145, -0.571477, 0.078600, 0.816845, 0.184799, 0.982161, 0.034781, -0.799540, 0.170828, -0.575807),
      ["RightUpperLeg"] = CFrame.new(-0.016717, -0.066244, -0.093048, 0.934289, -0.007381, 0.356400, 0.171863, -0.866649, -0.468400, 0.312357, 0.498863, -0.808443),
      ["UpperTorso"] = CFrame.new(-0.014535, -0.022862, 0.011759, 0.999569, 0.007550, 0.028377, -0.008987, 0.998666, 0.050854, -0.027956, -0.051087, 0.998303)
    }},
    {Time = 0.033, Data = {
      ["Head"] = CFrame.new(-0.003107, 0.068928, 0.157247, -0.043391, 0.076364, 0.996135, -0.063232, 0.994866, -0.079021, -0.997055, -0.066416, -0.038339),
      ["LeftFoot"] = CFrame.new(0.000000, 0.015435, -0.000003, 0.972890, -0.147678, -0.177985, 0.116371, 0.977652, -0.175099, 0.199856, 0.149623, 0.968329),
      ["LeftHand"] = CFrame.new(0.000483, 0.025183, -0.000000, 0.840664, 0.489525, -0.231627, -0.369690, 0.831279, 0.415098, 0.395745, -0.263324, 0.879797),
      ["LeftLowerArm"] = CFrame.new(0.005477, 0.080284, 0.143300, 1.000000, -0.000000, 0.000000, 0.000000, -0.374880, -0.927073, 0.000000, 0.927073, -0.374881),
      ["LeftLowerLeg"] = CFrame.new(-0.000000, 0.075792, -0.020648, 1.000000, -0.000000, -0.000000, 0.000000, 0.788575, 0.614941, -0.000000, -0.614938, 0.788573),
      ["LeftUpperArm"] = CFrame.new(-0.010566, 0.068056, 0.295492, 0.828860, -0.315524, -0.461990, -0.025062, 0.804014, -0.594081, 0.558894, 0.503989, 0.658508),
      ["LeftUpperLeg"] = CFrame.new(-0.000723, -0.097399, -0.061041, 0.966270, 0.244339, 0.081357, 0.251242, -0.825025, -0.506197, -0.056563, 0.509541, -0.858572),
      ["LowerTorso"] = CFrame.new(-0.130889, -0.211532, 0.116932, 0.999807, 0.009376, -0.017262, 0.019622, -0.518058, 0.855121, -0.000925, -0.855294, -0.518142),
      ["RightFoot"] = CFrame.new(0.000000, 0.006200, -0.000100, 0.938140, 0.220459, -0.266977, -0.278633, 0.938457, -0.204136, 0.205565, 0.265887, 0.941834),
      ["RightHand"] = CFrame.new(-0.000499, 0.001863, 0.000000, 0.641827, -0.704859, 0.302053, 0.558845, 0.160196, -0.813654, 0.525120, 0.691022, 0.496721),
      ["RightLowerArm"] = CFrame.new(-0.011606, -0.029378, -0.003210, 1.000000, 0.000000, 0.000000, -0.000000, 0.994495, -0.104782, -0.000000, 0.104782, 0.994495),
      ["RightLowerLeg"] = CFrame.new(0.000000, 0.075840, -0.029117, 1.000000, 0.000000, 0.000000, -0.000000, 0.707983, 0.706230, 0.000000, -0.706229, 0.707983),
      ["RightUpperArm"] = CFrame.new(0.698797, -0.036639, 0.390626, -0.571131, 0.080444, 0.816908, 0.181671, 0.982895, 0.030224, -0.800503, 0.165670, -0.575976),
      ["RightUpperLeg"] = CFrame.new(-0.016717, -0.066244, -0.093048, 0.934854, -0.008883, 0.354881, 0.175692, -0.857149, -0.484195, 0.308513, 0.514992, -0.799759),
      ["UpperTorso"] = CFrame.new(-0.014532, -0.022730, 0.012089, 0.999574, 0.007445, 0.028229, -0.009273, 0.997831, 0.065178, -0.027683, -0.065412, 0.997474)
    }},
    {Time = 0.067, Data = {
      ["Head"] = CFrame.new(-0.003107, 0.068928, 0.157247, 0.013144, 0.102042, 0.994693, -0.067866, 0.992576, -0.100928, -0.997608, -0.066179, 0.019971),
      ["LeftFoot"] = CFrame.new(0.000000, 0.015586, -0.000003, 0.975850, -0.139499, -0.168104, 0.118544, 0.984551, -0.128884, 0.183477, 0.105830, 0.977307),
      ["LeftHand"] = CFrame.new(0.000484, 0.025025, -0.000000, 0.856110, 0.468520, -0.218095, -0.366128, 0.847701, 0.383869, 0.364727, -0.248781, 0.897262),
      ["LeftLowerArm"] = CFrame.new(0.005477, 0.081729, 0.139425, 1.000000, -0.000000, 0.000000, 0.000000, -0.334677, -0.942333, 0.000000, 0.942333, -0.334677),
      ["LeftLowerLeg"] = CFrame.new(-0.000000, 0.076334, -0.020964, 1.000000, -0.000000, -0.000000, 0.000000, 0.785323, 0.619089, -0.000000, -0.619086, 0.785321),
      ["LeftUpperArm"] = CFrame.new(-0.002614, 0.070213, 0.283383, 0.844796, -0.308485, -0.437214, -0.020500, 0.797829, -0.602535, 0.534695, 0.517983, 0.667679),
      ["LeftUpperLeg"] = CFrame.new(-0.000723, -0.097399, -0.061041, 0.969400, 0.236180, 0.066941, 0.233279, -0.801378, -0.550817, -0.076448, 0.549557, -0.831937),
      ["LowerTorso"] = CFrame.new(-0.131247, -0.203855, 0.104312, 0.999811, 0.009269, -0.017115, 0.019464, -0.481724, 0.876107, -0.000124, -0.876274, -0.481813),
      ["RightFoot"] = CFrame.new(0.000000, 0.006210, -0.000100, 0.939479, 0.230707, -0.253255, -0.278103, 0.945305, -0.170488, 0.200093, 0.230594, 0.952258),
      ["RightHand"] = CFrame.new(-0.000499, 0.001449, 0.000000, 0.622332, -0.719590, 0.308052, 0.560450, 0.134892, -0.817131, 0.546442, 0.681171, 0.487238),
      ["RightLowerArm"] = CFrame.new(-0.011612, -0.031635, -0.003384, 1.000000, 0.000000, 0.000000, 0.000000, 0.996257, -0.086436, -0.000000, 0.086436, 0.996257),
      ["RightLowerLeg"] = CFrame.new(-0.000000, 0.075886, -0.029154, 1.000000, 0.000000, 0.000000, -0.000000, 0.707605, 0.706608, 0.000000, -0.706608, 0.707605),
      ["RightUpperArm"] = CFrame.new(0.698248, -0.032217, 0.391976, -0.570087, 0.082815, 0.817399, 0.172828, 0.984733, 0.020769, -0.803200, 0.153109, -0.575697),
      ["RightUpperLeg"] = CFrame.new(-0.016717, -0.066244, -0.093048, 0.936260, -0.012465, 0.351048, 0.185866, -0.830495, -0.525117, 0.298113, 0.556886, -0.775253),
      ["UpperTorso"] = CFrame.new(-0.014522, -0.022359, 0.012974, 0.999587, 0.007178, 0.027843, -0.010033, 0.994551, 0.103767, -0.026947, -0.104004, 0.994212)
    }},
    {Time = 0.100, Data = {
      ["Head"] = CFrame.new(-0.003107, 0.068928, 0.157247, 0.097592, 0.140948, 0.985195, -0.076283, 0.988068, -0.133803, -0.992299, -0.062095, 0.107179),
      ["LeftFoot"] = CFrame.new(0.000000, 0.016165, -0.000003, 0.979400, -0.128970, -0.155383, 0.121178, 0.990896, -0.058675, 0.161528, 0.038627, 0.986110),
      ["LeftHand"] = CFrame.new(0.000484, 0.024783, -0.000000, 0.875811, 0.439631, -0.199202, -0.359864, 0.869825, 0.337497, 0.321642, -0.223896, 0.920008),
      ["LeftLowerArm"] = CFrame.new(0.005478, 0.083627, 0.133311, 1.000000, -0.000000, -0.000000, 0.000000, -0.271273, -0.962502, 0.000000, 0.962502, -0.271274),
      ["LeftLowerLeg"] = CFrame.new(0.000000, 0.078101, -0.021956, 1.000000, -0.000000, -0.000000, 0.000000, 0.775058, 0.631892, -0.000000, -0.631890, 0.775056),
      ["LeftUpperArm"] = CFrame.new(0.007555, 0.073051, 0.266636, 0.865192, -0.299331, -0.402299, -0.014414, 0.787108, -0.616646, 0.501234, 0.539316, 0.676685),
      ["LeftUpperLeg"] = CFrame.new(-0.000723, -0.097399, -0.061040, 0.973236, 0.225137, 0.046076, 0.205841, -0.764900, -0.610395, -0.102181, 0.603524, -0.790756),
      ["LowerTorso"] = CFrame.new(-0.131796, -0.193158, 0.084559, 0.999815, 0.009162, -0.016941, 0.019231, -0.426652, 0.904212, 0.001056, -0.904370, -0.426749),
      ["RightFoot"] = CFrame.new(-0.000000, 0.006347, -0.000099, 0.940972, 0.245997, -0.232470, -0.278578, 0.953002, -0.119116, 0.192265, 0.176842, 0.965282),
      ["RightHand"] = CFrame.new(-0.000499, 0.001030, -0.000000, 0.590527, -0.742093, 0.317143, 0.564229, 0.098680, -0.819702, 0.576996, 0.662994, 0.476980),
      ["RightLowerArm"] = CFrame.new(-0.011618, -0.033842, -0.003521, 1.000000, 0.000000, 0.000000, -0.000000, 0.997640, -0.068656, -0.000000, 0.068656, 0.997640),
      ["RightLowerLeg"] = CFrame.new(-0.000000, 0.076469, -0.029623, 1.000000, 0.000000, 0.000000, -0.000000, 0.702850, 0.711339, 0.000000, -0.711338, 0.702849),
      ["RightUpperArm"] = CFrame.new(0.697397, -0.025336, 0.393964, -0.568476, 0.082270, 0.818576, 0.159067, 0.987204, 0.011248, -0.807176, 0.136603, -0.574288),
      ["RightUpperLeg"] = CFrame.new(-0.016717, -0.066243, -0.093048, 0.937848, -0.016527, 0.346615, 0.200875, -0.788713, -0.581032, 0.283003, 0.614540, -0.736383),
      ["UpperTorso"] = CFrame.new(-0.014506, -0.021775, 0.014253, 0.999604, 0.006820, 0.027306, -0.011103, 0.987071, 0.159902, -0.025863, -0.160141, 0.986755)
    }},
    {Time = 0.133, Data = {
      ["Head"] = CFrame.new(-0.003107, 0.068928, 0.157247, 0.200640, 0.189075, 0.961246, -0.089238, 0.980647, -0.174265, -0.975592, -0.050815, 0.213629),
      ["LeftFoot"] = CFrame.new(-0.000000, 0.017327, -0.000003, 0.982644, -0.118493, -0.142725, 0.123896, 0.991856, 0.029530, 0.138058, -0.046704, 0.989322),
      ["LeftHand"] = CFrame.new(0.000484, 0.024467, 0.000000, 0.895635, 0.407699, -0.177820, -0.351016, 0.893404, 0.280389, 0.273177, -0.188706, 0.943272),
      ["LeftLowerArm"] = CFrame.new(0.005479, 0.085462, 0.125228, 1.000000, -0.000000, 0.000000, 0.000000, -0.187501, -0.982264, 0.000000, 0.982264, -0.187502),
      ["LeftLowerLeg"] = CFrame.new(-0.000000, 0.081600, -0.024017, 1.000000, -0.000000, -0.000000, 0.000000, 0.753736, 0.657181, -0.000000, -0.657177, 0.753733),
      ["LeftUpperArm"] = CFrame.new(0.017832, 0.075975, 0.247974, 0.885822, -0.289774, -0.362422, -0.007994, 0.771396, -0.636305, 0.463956, 0.566551, 0.681003),
      ["LeftUpperLeg"] = CFrame.new(-0.000723, -0.097399, -0.061041, 0.976878, 0.212724, 0.021349, 0.171265, -0.718873, -0.673732, -0.127974, 0.661793, -0.738668),
      ["LowerTorso"] = CFrame.new(-0.132493, -0.181043, 0.058671, 0.999817, 0.009103, -0.016804, 0.018948, -0.357606, 0.933680, 0.002490, -0.933828, -0.357713),
      ["RightFoot"] = CFrame.new(0.000000, 0.006705, -0.000099, 0.941951, 0.264767, -0.206427, -0.281156, 0.958147, -0.053963, 0.183522, 0.108867, 0.976973),
      ["RightHand"] = CFrame.new(-0.000499, 0.000919, 0.000000, 0.546389, -0.770438, 0.328463, 0.571823, 0.056613, -0.818423, 0.611946, 0.634997, 0.471483),
      ["RightLowerArm"] = CFrame.new(-0.011621, -0.034420, -0.003552, 1.000000, 0.000000, 0.000000, 0.000000, 0.997948, -0.064029, -0.000000, 0.064028, 0.997948),
      ["RightLowerLeg"] = CFrame.new(0.000000, 0.077938, -0.030819, 1.000000, 0.000000, 0.000000, -0.000000, 0.690697, 0.723146, 0.000000, -0.723145, 0.690695),
      ["RightUpperArm"] = CFrame.new(0.696433, -0.016374, 0.396259, -0.566674, 0.074238, 0.820591, 0.141141, 0.989958, 0.007907, -0.811763, 0.120299, -0.571462),
      ["RightUpperLeg"] = CFrame.new(-0.016717, -0.066243, -0.093048, 0.938924, -0.019536, 0.343533, 0.219708, -0.734418, -0.642165, 0.264860, 0.678416, -0.685280),
      ["UpperTorso"] = CFrame.new(-0.014483, -0.021006, 0.015767, 0.999623, 0.006440, 0.026708, -0.012330, 0.973893, 0.226671, -0.024551, -0.226915, 0.973605)
    }},
    {Time = 0.167, Data = {
      ["Head"] = CFrame.new(-0.003107, 0.068928, 0.157247, 0.311457, 0.241454, 0.919073, -0.106698, 0.969950, -0.218662, -0.944251, -0.029959, 0.327860),
      ["LeftFoot"] = CFrame.new(0.000000, 0.019145, -0.000003, 0.985130, -0.109764, -0.132179, 0.126994, 0.983366, 0.129864, 0.115722, -0.144716, 0.982682),
      ["LeftHand"] = CFrame.new(0.000484, 0.024063, -0.000000, 0.913186, 0.376464, -0.156097, -0.340178, 0.915040, 0.216754, 0.224433, -0.144833, 0.963666),
      ["LeftLowerArm"] = CFrame.new(0.005480, 0.086634, 0.115639, 1.000000, -0.000000, 0.000000, 0.000000, -0.088082, -0.996113, 0.000000, 0.996113, -0.088082),
      ["LeftLowerLeg"] = CFrame.new(0.000000, 0.087020, -0.027503, 1.000000, -0.000000, -0.000000, 0.000000, 0.717596, 0.696464, -0.000000, -0.696459, 0.717592),
      ["LeftUpperArm"] = CFrame.new(0.026982, 0.078534, 0.229496, 0.904221, -0.280520, -0.322013, -0.002147, 0.751019, -0.660277, 0.427060, 0.597728, 0.678485),
      ["LeftUpperLeg"] = CFrame.new(-0.000723, -0.097399, -0.061041, 0.979858, 0.199610, -0.005589, 0.131962, -0.668276, -0.732132, -0.149879, 0.716633, -0.681140),
      ["LowerTorso"] = CFrame.new(-0.133287, -0.168781, 0.028045, 0.999818, 0.009112, -0.016758, 0.018641, -0.280190, 0.959763, 0.004050, -0.959901, -0.280309),
      ["RightFoot"] = CFrame.new(-0.000000, 0.007534, -0.000099, 0.941881, 0.285842, -0.176464, -0.286654, 0.957797, 0.021503, 0.175186, 0.030332, 0.984072),
      ["RightHand"] = CFrame.new(-0.000499, 0.001392, -0.000000, 0.489550, -0.802506, 0.341069, 0.585332, 0.012517, -0.810699, 0.646318, 0.596513, 0.475856),
      ["RightLowerArm"] = CFrame.new(-0.011613, -0.031939, -0.003405, 1.000000, -0.000000, 0.000000, -0.000000, 0.996468, -0.083978, -0.000000, 0.083977, 0.996468),
      ["RightLowerLeg"] = CFrame.new(0.000000, 0.080607, -0.032937, 1.000000, 0.000000, 0.000000, -0.000000, 0.669086, 0.743187, 0.000000, -0.743185, 0.669083),
      ["RightUpperArm"] = CFrame.new(0.695701, -0.005672, 0.398429, -0.565370, 0.054501, 0.823035, 0.119736, 0.992668, 0.016517, -0.816100, 0.107885, -0.567751),
      ["RightUpperLeg"] = CFrame.new(-0.016717, -0.066243, -0.093048, 0.938934, -0.020338, 0.343461, 0.241643, -0.671747, -0.700273, 0.244974, 0.740501, -0.625821),
      ["UpperTorso"] = CFrame.new(-0.014451, -0.020108, 0.017367, 0.999640, 0.006109, 0.026134, -0.013602, 0.954741, 0.297127, -0.023136, -0.297375, 0.954480)
    }},
    {Time = 0.200, Data = {
      ["Head"] = CFrame.new(-0.003107, 0.068928, 0.157247, 0.418865, 0.292709, 0.859577, -0.127294, 0.956201, -0.263583, -0.899082, 0.000987, 0.437779),
      ["LeftFoot"] = CFrame.new(0.000000, 0.021745, -0.000003, 0.986701, -0.103855, -0.125039, 0.131368, 0.962552, 0.237153, 0.095725, -0.250415, 0.963392),
      ["LeftHand"] = CFrame.new(0.000485, 0.023617, -0.000000, 0.927547, 0.348333, -0.135354, -0.328230, 0.932522, 0.150561, 0.178664, -0.095224, 0.979291),
      ["LeftLowerArm"] = CFrame.new(0.005482, 0.086788, 0.105119, 1.000000, -0.000000, 0.000000, -0.000000, 0.020904, -0.999781, 0.000000, 0.999781, 0.020904),
      ["LeftLowerLeg"] = CFrame.new(-0.000000, 0.094282, -0.032707, 1.000000, -0.000000, -0.000000, 0.000000, 0.663457, 0.748220, -0.000000, -0.748214, 0.663451),
      ["LeftUpperArm"] = CFrame.new(0.034526, 0.080445, 0.212553, 0.919430, -0.271823, -0.284182, 0.002560, 0.726767, -0.686879, 0.393245, 0.630811, 0.668907),
      ["LeftUpperLeg"] = CFrame.new(-0.000723, -0.097399, -0.061041, 0.981999, 0.185763, -0.034159, 0.090063, -0.619493, -0.779833, -0.166030, 0.762706, -0.625055),
      ["LowerTorso"] = CFrame.new(-0.134111, -0.157280, -0.005230, 0.999816, 0.009180, -0.016831, 0.018333, -0.200905, 0.979439, 0.005610, -0.979568, -0.201036),
      ["RightFoot"] = CFrame.new(0.000000, 0.008800, -0.000099, 0.940345, 0.308573, -0.143245, -0.295825, 0.949602, 0.103698, 0.168046, -0.055132, 0.984240),
      ["RightHand"] = CFrame.new(-0.000498, 0.002563, 0.000000, 0.419392, -0.835967, 0.353938, 0.606989, -0.031686, -0.794080, 0.675036, 0.547864, 0.494130),
      ["RightLowerArm"] = CFrame.new(-0.011594, -0.025396, -0.002814, 1.000000, 0.000000, 0.000000, 0.000000, 0.990499, -0.137517, -0.000000, 0.137517, 0.990499),
      ["RightLowerLeg"] = CFrame.new(0.000000, 0.084508, -0.036222, 1.000000, 0.000000, 0.000000, -0.000000, 0.635494, 0.772110, 0.000000, -0.772106, 0.635489),
      ["RightUpperArm"] = CFrame.new(0.695735, 0.006462, 0.399937, -0.565634, 0.019669, 0.824422, 0.095463, 0.994556, 0.041769, -0.819112, 0.102328, -0.564433),
      ["RightUpperLeg"] = CFrame.new(-0.016717, -0.066244, -0.093048, 0.937464, -0.017764, 0.347596, 0.266086, -0.607327, -0.748580, 0.224409, 0.794253, -0.564629),
      ["UpperTorso"] = CFrame.new(-0.014410, -0.019174, 0.018923, 0.999653, 0.005901, 0.025670, -0.014858, 0.931053, 0.364582, -0.021749, -0.364837, 0.930817)
    }},
    {Time = 0.233, Data = {
      ["Head"] = CFrame.new(-0.003107, 0.068928, 0.157247, 0.513356, 0.338125, 0.788757, -0.148266, 0.940233, -0.306562, -0.845271, 0.040429, 0.532807),
      ["LeftFoot"] = CFrame.new(-0.000000, 0.024420, -0.000002, 0.987282, -0.101582, -0.122291, 0.138292, 0.928199, 0.345448, 0.078420, -0.357948, 0.930436),
      ["LeftHand"] = CFrame.new(0.000485, 0.023007, -0.000000, 0.938682, 0.324615, -0.116193, -0.316070, 0.944815, 0.086168, 0.137751, -0.044158, 0.989482),
      ["LeftLowerArm"] = CFrame.new(0.005485, 0.085635, 0.094511, 1.000000, -0.000000, 0.000000, -0.000000, 0.130884, -0.991398, 0.000000, 0.991398, 0.130884),
      ["LeftLowerLeg"] = CFrame.new(-0.000000, 0.102511, -0.040166, 1.000000, -0.000000, -0.000000, 0.000000, 0.585904, 0.810387, -0.000000, -0.810380, 0.585895),
      ["LeftUpperArm"] = CFrame.new(0.040440, 0.081538, 0.197865, 0.931399, -0.263491, -0.251133, 0.005784, 0.700554, -0.713576, 0.363953, 0.663172, 0.654020),
      ["LeftUpperLeg"] = CFrame.new(-0.000723, -0.097399, -0.061041, 0.983201, 0.170494, -0.065155, 0.046998, -0.581422, -0.812257, -0.176372, 0.795538, -0.579650),
      ["LowerTorso"] = CFrame.new(-0.134891, -0.147210, -0.038237, 0.999812, 0.009277, -0.017010, 0.018050, -0.126853, 0.991757, 0.007043, -0.991878, -0.126997),
      ["RightFoot"] = CFrame.new(0.000000, 0.010324, -0.000099, 0.936925, 0.332819, -0.106710, -0.309501, 0.931902, 0.189153, 0.162419, -0.144188, 0.976132),
      ["RightHand"] = CFrame.new(-0.000497, 0.004267, -0.000000, 0.335115, -0.868207, 0.365946, 0.636859, -0.077502, -0.767077, 0.694341, 0.490112, 0.526950),
      ["RightLowerArm"] = CFrame.new(-0.011568, -0.014911, -0.001205, 1.000000, 0.000000, 0.000000, -0.000000, 0.974246, -0.225486, -0.000000, 0.225486, 0.974247),
      ["RightLowerLeg"] = CFrame.new(-0.000000, 0.089455, -0.040980, 1.000000, 0.000000, 0.000000, -0.000000, 0.586829, 0.809715, 0.000000, -0.809711, 0.586824),
      ["RightUpperArm"] = CFrame.new(0.697290, 0.019759, 0.400117, -0.568973, -0.030422, 0.821793, 0.068859, 0.994044, 0.084473, -0.819468, 0.104650, -0.563489),
      ["RightUpperLeg"] = CFrame.new(-0.016717, -0.066244, -0.093048, 0.934128, -0.010503, 0.356752, 0.292593, -0.550012, -0.782238, 0.204437, 0.835091, -0.510716),
      ["UpperTorso"] = CFrame.new(-0.014360, -0.018332, 0.020325, 0.999660, 0.005895, 0.025396, -0.016087, 0.906015, 0.422939, -0.020516, -0.423204, 0.905802)
    }},
    {Time = 0.267, Data = {
      ["Head"] = CFrame.new(-0.003107, 0.068928, 0.157247, 0.588679, 0.374604, 0.716330, -0.165827, 0.923261, -0.346542, -0.791175, 0.085215, 0.605624),
      ["LeftFoot"] = CFrame.new(0.000000, 0.027009, -0.000002, 0.986669, -0.103979, -0.125184, 0.149907, 0.880106, 0.450514, 0.063334, -0.463251, 0.883949),
      ["LeftHand"] = CFrame.new(0.000485, 0.022476, 0.000000, 0.946927, 0.305905, -0.098752, -0.304621, 0.952056, 0.028199, 0.102642, 0.003380, 0.994712),
      ["LeftLowerArm"] = CFrame.new(0.005488, 0.083486, 0.084708, 1.000000, -0.000000, 0.000000, -0.000000, 0.232390, -0.972623, 0.000000, 0.972623, 0.232390),
      ["LeftLowerLeg"] = CFrame.new(0.000000, 0.110901, -0.050234, 1.000000, -0.000000, -0.000000, 0.000000, 0.481236, 0.876597, -0.000000, -0.876591, 0.481225),
      ["LeftUpperArm"] = CFrame.new(0.044894, 0.081714, 0.185743, 0.940468, -0.255340, -0.224324, 0.007326, 0.675080, -0.737708, 0.339804, 0.692148, 0.636762),
      ["LeftUpperLeg"] = CFrame.new(-0.000723, -0.097399, -0.061041, 0.983236, 0.152337, -0.100184, 0.002948, -0.562670, -0.826688, -0.182311, 0.812524, -0.553670),
      ["LowerTorso"] = CFrame.new(-0.135554, -0.139169, -0.067282, 0.999807, 0.009371, -0.017241, 0.017817, -0.065314, 0.997706, 0.008224, -0.997821, -0.065468),
      ["RightFoot"] = CFrame.new(-0.000000, 0.012168, -0.000099, 0.931033, 0.358883, -0.066067, -0.328768, 0.903504, 0.274968, 0.158394, -0.234271, 0.959181),
      ["RightHand"] = CFrame.new(-0.000496, 0.006297, 0.000000, 0.235739, -0.896214, 0.375806, 0.672771, -0.128556, -0.728599, 0.701289, 0.424587, 0.572637),
      ["RightLowerArm"] = CFrame.new(-0.011537, -0.001315, 0.002211, 1.000000, 0.000000, 0.000000, -0.000000, 0.939670, -0.342081, -0.000000, 0.342082, 0.939670),
      ["RightLowerLeg"] = CFrame.new(-0.000000, 0.095256, -0.047504, 1.000000, 0.000000, 0.000000, -0.000000, 0.520034, 0.854149, 0.000000, -0.854145, 0.520029),
      ["RightUpperArm"] = CFrame.new(0.701371, 0.033988, 0.398118, -0.577396, -0.093253, 0.811121, 0.040388, 0.988978, 0.142450, -0.815465, 0.115010, -0.567265),
      ["RightUpperLeg"] = CFrame.new(-0.016717, -0.066244, -0.093048, 0.928399, 0.002932, 0.371542, 0.321082, -0.509695, -0.798210, 0.187033, 0.860350, -0.474149),
      ["UpperTorso"] = CFrame.new(-0.014301, -0.017747, 0.021482, 0.999659, 0.006173, 0.025388, -0.017316, 0.884172, 0.466841, -0.019565, -0.467121, 0.883977)
    }},
    {Time = 0.300, Data = {
      ["Head"] = CFrame.new(-0.003107, 0.068928, 0.157247, 0.641980, 0.401015, 0.653490, -0.175611, 0.906565, -0.383797, -0.746339, 0.131630, 0.652420),
      ["LeftFoot"] = CFrame.new(0.000000, 0.029215, -0.000002, 0.984248, -0.112942, -0.136011, 0.169730, 0.818921, 0.548261, 0.049465, -0.562684, 0.825173),
      ["LeftHand"] = CFrame.new(0.000486, 0.021656, -0.000000, 0.952682, 0.292450, -0.082886, -0.294795, 0.955403, -0.017353, 0.074114, 0.040966, 0.996408),
      ["LeftLowerArm"] = CFrame.new(0.005494, 0.080687, 0.076877, 1.000000, -0.000000, -0.000000, 0.000000, 0.313726, -0.949513, 0.000000, 0.949514, 0.313726),
      ["LeftLowerLeg"] = CFrame.new(-0.000000, 0.118382, -0.063257, 1.000000, -0.000000, -0.000000, 0.000000, 0.345853, 0.938293, -0.000000, -0.938289, 0.345841),
      ["LeftUpperArm"] = CFrame.new(0.048095, 0.080888, 0.176284, 0.947055, -0.246972, -0.205163, 0.007015, 0.654758, -0.755806, 0.320995, 0.714350, 0.621825),
      ["LeftUpperLeg"] = CFrame.new(-0.000723, -0.097399, -0.061040, 0.981469, 0.128325, -0.142294, -0.044010, -0.571780, -0.819237, -0.186497, 0.810308, -0.555521),
      ["LowerTorso"] = CFrame.new(-0.136028, -0.133823, -0.088155, 0.999803, 0.009437, -0.017442, 0.017659, -0.023399, 0.999570, 0.009025, -0.999682, -0.023561),
      ["RightFoot"] = CFrame.new(-0.000000, 0.013773, -0.000099, 0.921666, 0.387466, -0.019699, -0.355424, 0.863614, 0.357584, 0.155583, -0.322554, 0.933673),
      ["RightHand"] = CFrame.new(-0.000494, 0.008540, -0.000000, 0.120107, -0.916340, 0.381964, 0.710540, -0.189358, -0.677702, 0.693330, 0.352795, 0.628350),
      ["RightLowerArm"] = CFrame.new(-0.011502, 0.014183, 0.008177, 1.000000, 0.000000, 0.000000, -0.000000, 0.879112, -0.476615, -0.000000, 0.476616, 0.879112),
      ["RightLowerLeg"] = CFrame.new(0.000000, 0.101209, -0.056316, 1.000000, 0.000000, 0.000000, -0.000000, 0.429956, 0.902852, 0.000000, -0.902850, 0.429952),
      ["RightUpperArm"] = CFrame.new(0.709241, 0.048937, 0.392797, -0.593431, -0.164135, 0.787971, 0.010471, 0.977330, 0.211465, -0.804817, 0.133740, -0.578259),
      ["RightUpperLeg"] = CFrame.new(-0.016717, -0.066244, -0.093048, 0.919372, 0.025044, 0.392561, 0.352157, -0.497228, -0.792952, 0.175330, 0.867259, -0.465964),
      ["UpperTorso"] = CFrame.new(-0.014234, -0.017602, 0.022311, 0.999646, 0.006826, 0.025713, -0.018588, 0.870687, 0.491485, -0.019033, -0.491789, 0.870506)
    }},
    {Time = 0.333, Data = {
      ["Head"] = CFrame.new(-0.003107, 0.068928, 0.157247, 0.672352, 0.417834, 0.611030, -0.172823, 0.891252, -0.419288, -0.719774, 0.176309, 0.671446),
      ["LeftFoot"] = CFrame.new(-0.000000, 0.031037, -0.000001, 0.978267, -0.132428, -0.159550, 0.204392, 0.745337, 0.634610, 0.034886, -0.653403, 0.756184),
      ["LeftHand"] = CFrame.new(0.000486, 0.021346, -0.000000, 0.956261, 0.284422, -0.068325, -0.287750, 0.956650, -0.044947, 0.052579, 0.062641, 0.996650),
      ["LeftLowerArm"] = CFrame.new(0.005495, 0.078635, 0.071832, 1.000000, -0.000000, -0.000000, 0.000000, 0.365892, -0.930657, 0.000000, 0.930657, 0.365892),
      ["LeftLowerLeg"] = CFrame.new(0.000000, 0.123853, -0.079356, 1.000000, -0.000000, -0.000000, 0.000000, 0.178428, 0.983955, -0.000000, -0.983953, 0.178415),
      ["LeftUpperArm"] = CFrame.new(0.050217, 0.078969, 0.169534, 0.951500, -0.238287, -0.194596, 0.004662, 0.643618, -0.765333, 0.307614, 0.727307, 0.613513),
      ["LeftUpperLeg"] = CFrame.new(-0.000723, -0.097399, -0.061041, 0.976129, 0.092197, -0.196647, -0.099553, -0.614751, -0.782424, -0.193034, 0.783314, -0.590883),
      ["LowerTorso"] = CFrame.new(-0.136245, -0.131948, -0.096572, 0.999802, 0.009461, -0.017525, 0.017601, -0.007942, 0.999814, 0.009320, -0.999924, -0.008107),
      ["RightFoot"] = CFrame.new(0.000000, 0.015489, -0.000099, 0.906988, 0.419675, 0.035099, -0.392013, 0.810855, 0.434588, 0.153942, -0.407905, 0.899945),
      ["RightHand"] = CFrame.new(-0.000492, 0.011643, -0.000000, -0.013022, -0.923900, 0.382413, 0.743731, -0.264579, -0.613894, 0.668352, 0.276416, 0.690575),
      ["RightLowerArm"] = CFrame.new(-0.011454, 0.030748, 0.017024, 1.000000, 0.000000, 0.000000, 0.000000, 0.788773, -0.614685, -0.000000, 0.614685, 0.788773),
      ["RightLowerLeg"] = CFrame.new(0.000000, 0.106905, -0.067650, 1.000000, 0.000000, 0.000000, -0.000000, 0.313970, 0.949433, 0.000000, -0.949433, 0.313970),
      ["RightUpperArm"] = CFrame.new(0.722379, 0.064395, 0.382546, -0.620033, -0.236131, 0.748199, -0.020468, 0.958179, 0.285438, -0.784309, 0.161666, -0.598935),
      ["RightUpperLeg"] = CFrame.new(-0.016717, -0.066244, -0.093048, 0.905358, 0.058801, 0.420529, 0.387297, -0.520533, -0.760966, 0.174150, 0.851814, -0.494051),
      ["UpperTorso"] = CFrame.new(-0.014159, -0.018089, 0.022707, 0.999619, 0.007948, 0.026434, -0.019932, 0.870335, 0.492057, -0.019095, -0.492396, 0.870162)
    }},
    {Time = 0.367, Data = {
      ["Head"] = CFrame.new(-0.003107, 0.068928, 0.157247, 0.690885, 0.420577, 0.588041, -0.152730, 0.879925, -0.449896, -0.706648, 0.221015, 0.672162),
      ["LeftFoot"] = CFrame.new(0.000000, 0.032620, -0.000001, 0.963782, -0.170269, -0.205267, 0.265685, 0.679818, 0.683588, 0.023161, -0.713341, 0.700409),
      ["LeftHand"] = CFrame.new(0.000486, 0.021129, -0.000000, 0.958429, 0.280136, -0.054197, -0.282683, 0.958065, -0.046923, 0.038779, 0.060293, 0.997427),
      ["LeftLowerArm"] = CFrame.new(0.005497, 0.077581, 0.069660, 1.000000, -0.000000, -0.000000, 0.000000, 0.388413, -0.921485, 0.000000, 0.921486, 0.388413),
      ["LeftLowerLeg"] = CFrame.new(-0.000000, 0.126045, -0.099482, 1.000000, -0.000000, -0.000000, 0.000000, -0.031024, 0.999518, -0.000000, -0.999519, -0.031034),
      ["LeftUpperArm"] = CFrame.new(0.051659, 0.076103, 0.164596, 0.954606, -0.229862, -0.189447, 0.000563, 0.637394, -0.770538, 0.297870, 0.735454, 0.608590),
      ["LeftUpperLeg"] = CFrame.new(-0.000723, -0.097399, -0.061041, 0.962298, 0.034254, -0.269828, -0.176977, -0.674443, -0.716812, -0.206545, 0.737532, -0.642941),
      ["LowerTorso"] = CFrame.new(-0.136123, -0.127620, -0.086465, 0.999800, 0.009632, -0.017517, 0.017700, -0.019227, 0.999658, 0.009292, -0.999769, -0.019393),
      ["RightFoot"] = CFrame.new(-0.000000, 0.016732, -0.000099, 0.887888, 0.450908, 0.091244, -0.434919, 0.758059, 0.486028, 0.150000, -0.471200, 0.869167),
      ["RightHand"] = CFrame.new(-0.000488, 0.018035, -0.000000, -0.127429, -0.917487, 0.376803, 0.775175, -0.329124, -0.539244, 0.618761, 0.223371, 0.753150),
      ["RightLowerArm"] = CFrame.new(-0.011358, 0.052263, 0.032143, 1.000000, 0.000000, 0.000000, 0.000000, 0.632355, -0.774679, -0.000000, 0.774679, 0.632355),
      ["RightLowerLeg"] = CFrame.new(0.000000, 0.110874, -0.080248, 1.000000, 0.000000, 0.000000, -0.000000, 0.185105, 0.982718, 0.000000, -0.982719, 0.185110),
      ["RightUpperArm"] = CFrame.new(0.729384, 0.072638, 0.376454, -0.634402, -0.327136, 0.700368, -0.036983, 0.917843, 0.395217, -0.772118, 0.224824, -0.594380),
      ["RightUpperLeg"] = CFrame.new(-0.016717, -0.066244, -0.093048, 0.887007, 0.100508, 0.450655, 0.427152, -0.549364, -0.718167, 0.175387, 0.829516, -0.530233),
      ["UpperTorso"] = CFrame.new(-0.014072, -0.019243, 0.022627, 0.999579, 0.009355, 0.027483, -0.021147, 0.883209, 0.468503, -0.019890, -0.468887, 0.883034)
    }},
    {Time = 0.400, Data = {
      ["Head"] = CFrame.new(-0.003107, 0.068928, 0.157247, 0.708997, 0.406393, 0.576339, -0.116344, 0.873465, -0.472782, -0.695548, 0.268148, 0.666566),
      ["LeftFoot"] = CFrame.new(0.000000, 0.034055, 0.000000, 0.931934, -0.231439, -0.279176, 0.361651, 0.649629, 0.668746, 0.026597, -0.724167, 0.689087),
      ["LeftHand"] = CFrame.new(0.000486, 0.021079, -0.000000, 0.960044, 0.277031, -0.039605, -0.278096, 0.960243, -0.024424, 0.031264, 0.034463, 0.998917),
      ["LeftLowerArm"] = CFrame.new(0.005498, 0.077384, 0.069287, 1.000000, -0.000000, -0.000000, 0.000000, 0.392281, -0.919845, 0.000000, 0.919845, 0.392282),
      ["LeftLowerLeg"] = CFrame.new(0.000000, 0.122973, -0.121849, 1.000000, -0.000000, -0.000000, 0.000000, -0.264038, 0.964511, -0.000000, -0.964512, -0.264044),
      ["LeftUpperArm"] = CFrame.new(0.052865, 0.072607, 0.160185, 0.957260, -0.222193, -0.185159, -0.004657, 0.628256, -0.777992, 0.289192, 0.745603, 0.600370),
      ["LeftUpperLeg"] = CFrame.new(-0.000723, -0.097399, -0.061041, 0.931295, -0.052448, -0.360471, -0.289804, -0.706192, -0.645999, -0.220689, 0.706075, -0.672864),
      ["LowerTorso"] = CFrame.new(-0.135630, -0.115385, -0.057531, 0.999797, 0.010076, -0.017474, 0.017965, -0.050915, 0.998541, 0.009172, -0.998652, -0.051086),
      ["RightFoot"] = CFrame.new(-0.000000, 0.017769, -0.000099, 0.869834, 0.474322, 0.135644, -0.473728, 0.726322, 0.498064, 0.137733, -0.497468, 0.856466),
      ["RightHand"] = CFrame.new(-0.000485, 0.022514, -0.000000, -0.163690, -0.913394, 0.372717, 0.812223, -0.339215, -0.474585, 0.559911, 0.225042, 0.797403),
      ["RightLowerArm"] = CFrame.new(-0.011296, 0.070868, 0.057242, 1.000000, 0.000000, 0.000000, -0.000000, 0.372067, -0.928206, -0.000000, 0.928206, 0.372067),
      ["RightLowerLeg"] = CFrame.new(0.000000, 0.112850, -0.091956, 1.000000, 0.000000, 0.000000, -0.000000, 0.065194, 0.997872, 0.000000, -0.997873, 0.065204),
      ["RightUpperArm"] = CFrame.new(0.709112, 0.064835, 0.392397, -0.594249, -0.460698, 0.659262, -0.021417, 0.828464, 0.559633, -0.803996, 0.318442, -0.502180),
      ["RightUpperLeg"] = CFrame.new(-0.016717, -0.066244, -0.093048, 0.869447, 0.138240, 0.474262, 0.466041, -0.548090, -0.694568, 0.163914, 0.824917, -0.540972),
      ["UpperTorso"] = CFrame.new(-0.013967, -0.020915, 0.022111, 0.999528, 0.010839, 0.028735, -0.022048, 0.904608, 0.425673, -0.021380, -0.426106, 0.904421)
    }},
    {Time = 0.433, Data = {
      ["Head"] = CFrame.new(-0.003107, 0.068928, 0.157247, 0.725735, 0.378796, 0.574302, -0.067213, 0.869817, -0.488775, -0.684683, 0.316121, 0.656716),
      ["LeftFoot"] = CFrame.new(0.000000, 0.035262, 0.000001, 0.880003, -0.303064, -0.365725, 0.469321, 0.673196, 0.571463, 0.073021, -0.674507, 0.734625),
      ["LeftHand"] = CFrame.new(0.000486, 0.021197, -0.000000, 0.961390, 0.274109, -0.024363, -0.273756, 0.961652, 0.016854, 0.028049, -0.009533, 0.999561),
      ["LeftLowerArm"] = CFrame.new(0.005496, 0.077853, 0.070179, 1.000000, -0.000000, 0.000000, -0.000000, 0.383019, -0.923740, 0.000000, 0.923741, 0.383019),
      ["LeftLowerLeg"] = CFrame.new(-0.000000, 0.114827, -0.141896, 1.000000, -0.000000, -0.000000, 0.000000, -0.473082, 0.881016, -0.000000, -0.881018, -0.473087),
      ["LeftUpperArm"] = CFrame.new(0.053977, 0.068633, 0.155849, 0.959744, -0.214815, -0.180959, -0.010690, 0.615862, -0.787781, 0.280673, 0.758003, 0.588774),
      ["LeftUpperLeg"] = CFrame.new(-0.000723, -0.097399, -0.061041, 0.880445, -0.141880, -0.452424, -0.422993, -0.666129, -0.614287, -0.214229, 0.732217, -0.646501),
      ["LowerTorso"] = CFrame.new(-0.134778, -0.096820, -0.014695, 0.999792, 0.010692, -0.017365, 0.018345, -0.099683, 0.994850, 0.008906, -0.994962, -0.099859),
      ["RightFoot"] = CFrame.new(-0.000000, 0.018372, -0.000099, 0.857884, 0.487648, 0.161949, -0.500482, 0.721615, 0.478350, 0.116413, -0.491397, 0.863107),
      ["RightHand"] = CFrame.new(-0.000484, 0.024771, -0.000000, 0.020983, -0.925455, 0.378280, 0.849173, -0.183207, -0.495320, 0.527697, 0.331615, 0.782025),
      ["RightLowerArm"] = CFrame.new(-0.011269, 0.079118, 0.087023, 1.000000, 0.000000, -0.000000, 0.000000, 0.063045, -0.998011, -0.000000, 0.998011, 0.063044),
      ["RightLowerLeg"] = CFrame.new(-0.000000, 0.113230, -0.101547, 1.000000, 0.000000, 0.000000, -0.000000, -0.033003, 0.999456, 0.000000, -0.999455, -0.032990),
      ["RightUpperArm"] = CFrame.new(0.594967, 0.024421, 0.454689, -0.366378, -0.661936, 0.653917, 0.059366, 0.684723, 0.726382, -0.928570, 0.304951, -0.211571),
      ["RightUpperLeg"] = CFrame.new(-0.016717, -0.066244, -0.093048, 0.857726, 0.163329, 0.487444, 0.495710, -0.514179, -0.699938, 0.136303, 0.841988, -0.522001),
      ["UpperTorso"] = CFrame.new(-0.013846, -0.022998, 0.021122, 0.999467, 0.012470, 0.030160, -0.022638, 0.930542, 0.365484, -0.023507, -0.365972, 0.930329)
    }},
    {Time = 0.467, Data = {
      ["Head"] = CFrame.new(-0.003107, 0.068928, 0.157247, 0.739921, 0.341190, 0.579747, -0.009200, 0.866881, -0.498431, -0.672631, 0.363466, 0.644562),
      ["LeftFoot"] = CFrame.new(0.000000, 0.036229, 0.000001, 0.841133, -0.345052, -0.416471, 0.505166, 0.776250, 0.377169, 0.193140, -0.527612, 0.827221),
      ["LeftHand"] = CFrame.new(0.000486, 0.021346, 0.000000, 0.962694, 0.270458, -0.008531, -0.269196, 0.960447, 0.071239, 0.027461, -0.066284, 0.997423),
      ["LeftLowerArm"] = CFrame.new(0.005495, 0.078631, 0.071821, 1.000000, -0.000000, -0.000000, 0.000000, 0.365999, -0.930615, 0.000000, 0.930615, 0.365999),
      ["LeftLowerLeg"] = CFrame.new(-0.000000, 0.105899, -0.155069, 1.000000, -0.000000, -0.000000, 0.000000, -0.610594, 0.791940, -0.000000, -0.791944, -0.610599),
      ["LeftUpperArm"] = CFrame.new(0.055099, 0.064395, 0.151216, 0.962266, -0.207458, -0.176082, -0.017113, 0.599680, -0.800057, 0.271572, 0.772881, 0.573502),
      ["LeftUpperLeg"] = CFrame.new(-0.000723, -0.097399, -0.061041, 0.842496, -0.140696, -0.520005, -0.511529, -0.511628, -0.690339, -0.168934, 0.847609, -0.503017),
      ["LowerTorso"] = CFrame.new(-0.133578, -0.073574, 0.036975, 0.999788, 0.011377, -0.017174, 0.018791, -0.162025, 0.986608, 0.008442, -0.986721, -0.162205),
      ["RightFoot"] = CFrame.new(0.000000, 0.018805, -0.000098, 0.856177, 0.489439, 0.165547, -0.508526, 0.741554, 0.437639, 0.091447, -0.458854, 0.883779),
      ["RightHand"] = CFrame.new(-0.000483, 0.025962, 0.000000, 0.828706, -0.517363, 0.213502, 0.500092, 0.513194, -0.697527, 0.251305, 0.684812, 0.684012),
      ["RightLowerArm"] = CFrame.new(-0.011260, 0.077493, 0.114197, 1.000000, 0.000000, 0.000000, 0.000000, -0.219040, -0.975716, -0.000000, 0.975716, -0.219042),
      ["RightLowerLeg"] = CFrame.new(0.000000, 0.112976, -0.107443, 1.000000, 0.000000, 0.000000, -0.000000, -0.093431, 0.995627, 0.000000, -0.995626, -0.093414),
      ["RightUpperArm"] = CFrame.new(0.115797, -0.075837, 0.372051, 0.591512, -0.676044, 0.439406, 0.259825, 0.675717, 0.689853, -0.763285, -0.293888, 0.575348),
      ["RightUpperLeg"] = CFrame.new(-0.016717, -0.066244, -0.093048, 0.855942, 0.168826, 0.488707, 0.508723, -0.444178, -0.737514, 0.092545, 0.879889, -0.466089),
      ["UpperTorso"] = CFrame.new(-0.013710, -0.025363, 0.019629, 0.999394, 0.014310, 0.031719, -0.022906, 0.956728, 0.290082, -0.026195, -0.290633, 0.956476)
    }},
    {Time = 0.500, Data = {
      ["Head"] = CFrame.new(-0.003107, 0.068928, 0.157247, 0.750678, 0.297005, 0.590144, 0.053525, 0.862977, -0.502400, -0.658496, 0.408728, 0.631921),
      ["LeftFoot"] = CFrame.new(-0.000000, 0.036453, 0.000001, 0.852464, -0.333549, -0.402574, 0.410494, 0.903885, 0.120352, 0.323726, -0.267836, 0.907441),
      ["LeftHand"] = CFrame.new(0.000486, 0.021463, -0.000000, 0.964131, 0.265319, 0.007566, -0.263943, 0.955339, 0.132897, 0.028032, -0.130126, 0.991101),
      ["LeftLowerArm"] = CFrame.new(0.005495, 0.079445, 0.073727, 1.000000, -0.000000, -0.000000, 0.000000, 0.346298, -0.938125, 0.000000, 0.938125, 0.346298),
      ["LeftLowerLeg"] = CFrame.new(-0.000000, 0.103704, -0.157670, 1.000000, -0.000000, -0.000000, 0.000000, -0.637768, 0.770225, -0.000000, -0.770229, -0.637773),
      ["LeftUpperArm"] = CFrame.new(0.056296, 0.060168, 0.146022, 0.964958, -0.199960, -0.169918, -0.023379, 0.579450, -0.814672, 0.261361, 0.790097, 0.554470),
      ["LeftUpperLeg"] = CFrame.new(-0.000723, -0.097399, -0.061041, 0.854103, 0.001011, -0.520104, -0.509704, -0.197326, -0.837412, -0.103490, 0.980338, -0.168025),
      ["LowerTorso"] = CFrame.new(-0.132038, -0.047389, 0.092470, 0.999785, 0.012021, -0.016907, 0.019253, -0.234201, 0.971998, 0.007724, -0.972114, -0.234382),
      ["RightFoot"] = CFrame.new(0.000000, 0.018858, -0.000099, 0.864578, 0.480365, 0.147475, -0.497203, 0.775325, 0.389474, 0.072762, -0.410024, 0.909154),
      ["RightHand"] = CFrame.new(-0.000482, 0.026670, -0.000000, 0.996237, 0.076293, -0.041134, -0.086674, 0.873797, -0.478508, -0.000563, 0.480270, 0.877119),
      ["RightLowerArm"] = CFrame.new(-0.011257, 0.071822, 0.131892, 1.000000, 0.000000, -0.000000, -0.000000, -0.402887, -0.915249, -0.000000, 0.915250, -0.402888),
      ["RightLowerLeg"] = CFrame.new(0.000000, 0.112887, -0.108426, 1.000000, 0.000000, 0.000000, -0.000000, -0.103501, 0.994631, 0.000000, -0.994629, -0.103483),
      ["RightUpperArm"] = CFrame.new(-0.070302, -0.064722, 0.053197, 0.963230, -0.268169, 0.016531, 0.237531, 0.878704, 0.414075, -0.125567, -0.394923, 0.910093),
      ["RightUpperLeg"] = CFrame.new(-0.016717, -0.066244, -0.093048, 0.863957, 0.154996, 0.479091, 0.502117, -0.337325, -0.796310, 0.038164, 0.928541, -0.369271),
      ["UpperTorso"] = CFrame.new(-0.013560, -0.027867, 0.017617, 0.999308, 0.016424, 0.033373, -0.022843, 0.979087, 0.202157, -0.029355, -0.202780, 0.978784)
    }},
    {Time = 0.533, Data = {
      ["Head"] = CFrame.new(-0.003107, 0.068928, 0.157247, 0.757800, 0.249715, 0.602811, 0.116619, 0.857156, -0.501681, -0.641980, 0.450473, 0.620431),
      ["LeftFoot"] = CFrame.new(-0.000000, 0.035738, 0.000002, 0.890530, -0.290285, -0.350294, 0.290172, 0.955444, -0.054064, 0.350366, -0.053498, 0.935078),
      ["LeftHand"] = CFrame.new(0.000486, 0.021571, -0.000000, 0.965817, 0.258170, 0.023344, -0.257649, 0.946136, 0.196072, 0.028533, -0.195382, 0.980312),
      ["LeftLowerArm"] = CFrame.new(0.005494, 0.080154, 0.075484, 1.000000, -0.000000, -0.000000, 0.000000, 0.328130, -0.944632, 0.000000, 0.944632, 0.328131),
      ["LeftLowerLeg"] = CFrame.new(-0.000000, 0.110532, -0.148848, 1.000000, -0.000000, -0.000000, 0.000000, -0.545625, 0.838027, -0.000000, -0.838029, -0.545629),
