return {
  ["BIo open leg ground circle"] = {
    {Time = 0.000, Data = {
      ["Head"] = CFrame.new(-0.003107, 0.068928, 0.157247, 0.999870, 0.003791, -0.015665, -0.004602, 0.998632, -0.052081, 0.015446, 0.052147, 0.998520),
      ["Head.001"] = CFrame.new(0.000000, -0.000000, -0.000000, -0.999870, -0.015665, 0.003791, 0.004602, -0.052081, 0.998632, -0.015446, 0.998520, 0.052147),
      ["Left Arm"] = CFrame.new(0.679943, -0.450379, -0.039793, 0.022973, 0.902864, -0.429312, -0.982784, 0.099152, 0.155930, 0.183352, 0.418336, 0.889594),
      ["Left Arm.001"] = CFrame.new(0.000000, 0.000100, -0.000500, 1.000000, 0.000000, 0.000000, 0.000000, 1.000000, 0.000000, -0.000000, -0.000000, 1.000000),
      ["Left Leg"] = CFrame.new(0.711109, 0.088993, -0.405699, 0.331775, 0.312768, 0.890002, -0.943057, 0.135168, 0.304031, -0.025206, -0.940162, 0.339797),
      ["Left Leg.001"] = CFrame.new(0.000000, -0.000200, 0.000000, 1.000000, 0.000000, 0.000000, -0.000000, 1.000000, -0.000000, 0.000000, -0.000000, 1.000000),
      ["LeftFoot"] = CFrame.new(-0.000000, -0.062121, -0.000003, 0.951820, 0.234580, 0.197514, -0.228851, 0.972089, -0.051701, -0.204127, 0.004013, 0.978902),
      ["LeftHand"] = CFrame.new(0.000484, 0.024593, 0.000000, 0.898452, 0.397960, -0.185505, -0.368945, 0.913318, 0.172423, 0.238042, -0.086471, 0.967393),
      ["LeftLowerArm"] = CFrame.new(0.005478, 0.084818, 0.128458, 1.000000, -0.000000, 0.000000, 0.000000, -0.220977, -0.975283, 0.000000, 0.975280, -0.220978),
      ["LeftLowerLeg"] = CFrame.new(0.000000, -0.061506, -0.000714, 1.000000, 0.000000, -0.000000, -0.000000, 1.000000, -0.000007, 0.000000, -0.000011, 1.000037),
      ["LeftUpperArm"] = CFrame.new(0.450995, -0.196159, 0.001810, 0.889594, 0.271261, -0.367478, -0.155930, 0.936574, 0.313872, 0.429312, -0.221918, 0.875467),
      ["LeftUpperLeg"] = CFrame.new(-0.000723, -0.097399, -0.061040, 0.116577, 0.993146, -0.008281, 0.203532, -0.032062, -0.978540, -0.972103, 0.112383, -0.205876),
      ["LowerTorso"] = CFrame.new(-0.155056, -0.858601, -0.036028, 0.979806, -0.011622, -0.199610, 0.179515, -0.388516, 0.903786, -0.088056, -0.921369, -0.378584),
      ["Right Arm"] = CFrame.new(-0.738875, -0.424226, 0.022213, -0.074084, -0.837248, 0.541782, 0.989788, 0.004633, 0.142502, -0.121819, 0.546804, 0.828351),
      ["Right Arm.001"] = CFrame.new(0.000000, -0.000000, 0.000000, 1.000000, 0.000000, 0.000000, 0.000000, 1.000000, -0.000000, 0.000000, 0.000000, 1.000000),
      ["Right Leg"] = CFrame.new(-0.869414, 0.254945, -0.207448, 0.307055, -0.322529, -0.895367, 0.940213, 0.248714, 0.232864, 0.147599, -0.913298, 0.379595),
      ["Right Leg.001"] = CFrame.new(0.000000, -0.000000, -0.000000, 1.000000, -0.000000, 0.000000, 0.000000, 1.000000, -0.000000, -0.000000, 0.000000, 1.000000),
      ["RightFoot"] = CFrame.new(-0.000000, -0.005120, -0.000101, 0.945812, -0.248397, -0.209136, 0.222121, 0.964736, -0.141242, 0.236879, 0.087130, 0.967589),
      ["RightHand"] = CFrame.new(-0.000482, 0.026546, -0.000000, 0.793040, -0.564501, 0.228970, 0.421044, 0.779574, 0.463667, -0.440236, -0.271298, 0.855909),
      ["RightLowerArm"] = CFrame.new(-0.011257, 0.073118, 0.128776, 1.000000, 0.000000, -0.000000, -0.000000, -0.370506, -0.928834, -0.000000, 0.928831, -0.370509),
      ["RightLowerLeg"] = CFrame.new(0.000000, 0.004976, -0.000559, 1.000000, -0.000000, 0.000000, -0.000000, 0.995114, 0.098728, -0.000000, -0.098745, 0.995151),
      ["RightUpperArm"] = CFrame.new(-0.489523, -0.134162, 0.081153, 0.828351, -0.315743, 0.462753, 0.142502, 0.917625, 0.371023, -0.541782, -0.241394, 0.805108),
      ["RightUpperLeg"] = CFrame.new(-0.016717, -0.066244, -0.093047, 0.576987, -0.810397, -0.101675, -0.256931, -0.061971, -0.964427, 0.775289, 0.582592, -0.244000),
      ["Torso"] = CFrame.new(0.284307, -0.968644, -2.111925, 0.999183, -0.039920, 0.006276, 0.011902, 0.142294, -0.989753, 0.038617, 0.989019, 0.142653),
      ["UpperTorso"] = CFrame.new(-0.153961, 0.045259, -0.153008, 0.973122, 0.106612, 0.204127, 0.014357, 0.856577, -0.515819, -0.229843, 0.504885, 0.832024)
    }},
    {Time = 0.033, Data = {
      ["Head"] = CFrame.new(-0.003107, 0.068928, 0.157247, 0.999871, 0.003299, -0.015713, -0.004303, 0.997923, -0.064274, 0.015469, 0.064333, 0.997808),
      ["Head.001"] = CFrame.new(0.000000, -0.000000, -0.000000, -0.999871, -0.015713, 0.003299, 0.004303, -0.064274, 0.997923, -0.015469, 0.997809, 0.064333),
      ["Left Arm"] = CFrame.new(0.681223, -0.450141, -0.038520, 0.022040, 0.902547, -0.430027, -0.982872, 0.098290, 0.155917, 0.182991, 0.419223, 0.889251),
      ["Left Arm.001"] = CFrame.new(-0.000000, 0.000100, -0.000500, 1.000000, -0.000000, 0.000000, -0.000000, 1.000000, 0.000000, 0.000000, 0.000000, 1.000000),
      ["Left Leg"] = CFrame.new(0.598095, 0.055161, -0.458866, 0.276200, 0.242936, 0.929891, -0.959102, 0.132574, 0.250224, -0.062490, -0.960939, 0.269613),
      ["Left Leg.001"] = CFrame.new(-0.000000, -0.000200, 0.000000, 1.000000, 0.000000, 0.000000, -0.000000, 1.000000, -0.000000, 0.000000, -0.000000, 1.000000),
      ["LeftFoot"] = CFrame.new(-0.000000, -0.041710, -0.000003, 0.976772, 0.163914, 0.138014, -0.157248, 0.985856, -0.057993, -0.145566, 0.034947, 0.988697),
      ["LeftHand"] = CFrame.new(0.000484, 0.024603, -0.000000, 0.897833, 0.399100, -0.186051, -0.370234, 0.912934, 0.171691, 0.238373, -0.085267, 0.967419),
      ["LeftLowerArm"] = CFrame.new(0.005478, 0.084761, 0.128717, 1.000000, -0.000000, 0.000000, 0.000000, -0.223660, -0.974672, 0.000000, 0.974668, -0.223661),
      ["LeftLowerLeg"] = CFrame.new(0.000000, -0.041166, -0.000445, 1.000000, 0.000000, 0.000000, 0.000000, 1.000001, -0.000007, 0.000000, -0.000010, 1.000037),
      ["LeftUpperArm"] = CFrame.new(0.450824, -0.196153, 0.002167, 0.889251, 0.272117, -0.367675, -0.155917, 0.935986, 0.315628, 0.430027, -0.223345, 0.874753),
      ["LeftUpperLeg"] = CFrame.new(-0.000724, -0.097399, -0.061040, 0.036155, 0.996300, 0.077969, 0.012552, 0.077549, -0.996906, -0.999267, 0.037018, -0.009703),
      ["LowerTorso"] = CFrame.new(-0.159632, -0.961772, -0.008001, 0.980087, -0.001149, -0.198567, 0.196719, -0.130590, 0.971724, -0.027047, -0.991436, -0.127763),
      ["Right Arm"] = CFrame.new(-0.740094, -0.423627, 0.024075, -0.074630, -0.836401, 0.543014, 0.989849, 0.003934, 0.142098, -0.120987, 0.548105, 0.827613),
      ["Right Arm.001"] = CFrame.new(0.000000, -0.000000, 0.000000, 1.000000, -0.000000, 0.000000, -0.000000, 1.000000, 0.000000, 0.000000, -0.000000, 1.000000),
      ["Right Leg"] = CFrame.new(-0.751456, 0.333057, -0.247862, 0.263625, -0.246059, -0.932712, 0.933720, 0.308012, 0.182672, 0.242355, -0.919012, 0.310932),
      ["Right Leg.001"] = CFrame.new(0.000000, 0.000000, 0.000000, 1.000000, 0.000000, -0.000000, -0.000000, 1.000000, 0.000000, 0.000000, -0.000000, 1.000000),
      ["RightFoot"] = CFrame.new(0.000000, -0.001183, -0.000101, 0.971563, -0.181130, -0.152501, 0.148135, 0.967444, -0.205208, 0.184733, 0.176772, 0.966726),
      ["RightHand"] = CFrame.new(-0.000482, 0.026557, 0.000000, 0.791581, -0.566285, 0.229609, 0.422772, 0.778837, 0.463332, -0.441203, -0.269691, 0.855919),
      ["RightLowerArm"] = CFrame.new(-0.011257, 0.073020, 0.129023, 1.000000, 0.000000, -0.000000, -0.000000, -0.373078, -0.927804, -0.000000, 0.927801, -0.373081),
      ["RightLowerLeg"] = CFrame.new(-0.000000, 0.027823, -0.004347, 1.000000, 0.000000, -0.000000, 0.000000, 0.957257, 0.289251, 0.000000, -0.289260, 0.957285),
      ["RightUpperArm"] = CFrame.new(-0.489155, -0.133960, 0.081769, 0.827613, -0.316737, 0.463393, 0.142098, 0.916910, 0.372938, -0.543014, -0.242802, 0.803854),
      ["RightUpperLeg"] = CFrame.new(-0.016717, -0.066244, -0.093048, 0.525525, -0.850340, 0.027107, -0.069312, -0.074589, -0.994799, 0.847950, 0.520916, -0.098161),
      ["Torso"] = CFrame.new(0.284307, -0.968830, -2.113225, 0.999183, -0.039920, 0.006276, 0.011818, 0.140129, -0.990063, 0.038643, 0.989328, 0.140486),
      ["UpperTorso"] = CFrame.new(-0.154957, -0.005425, -0.158207, 0.972004, 0.048263, 0.229955, 0.015615, 0.963245, -0.268170, -0.234445, 0.264253, 0.935524)
    }},
    {Time = 0.067, Data = {
      ["Head"] = CFrame.new(-0.003107, 0.068928, 0.157247, 0.999872, 0.002564, -0.015774, -0.003857, 0.996585, -0.082484, 0.015509, 0.082534, 0.996468),
      ["Head.001"] = CFrame.new(0.000000, -0.000000, -0.000000, -0.999872, -0.015774, 0.002564, 0.003857, -0.082484, 0.996585, -0.015509, 0.996468, 0.082534),
      ["Left Arm"] = CFrame.new(0.683137, -0.449769, -0.036605, 0.020660, 0.902065, -0.431106, -0.983002, 0.097018, 0.155896, 0.182454, 0.420556, 0.888732),
      ["Left Arm.001"] = CFrame.new(-0.000000, 0.000100, -0.000500, 1.000000, -0.000000, -0.000000, 0.000000, 1.000000, 0.000000, 0.000000, -0.000000, 1.000000),
      ["Left Leg"] = CFrame.new(0.489130, 0.058724, -0.499868, 0.223933, 0.176702, 0.958452, -0.968599, 0.149662, 0.198698, -0.108334, -0.972818, 0.204665),
      ["Left Leg.001"] = CFrame.new(-0.000000, -0.000200, 0.000000, 1.000000, 0.000000, -0.000000, 0.000000, 1.000000, 0.000000, 0.000000, 0.000000, 1.000000),
      ["LeftFoot"] = CFrame.new(-0.000000, -0.028536, -0.000003, 0.991531, 0.099346, 0.083648, -0.092368, 0.992213, -0.083570, -0.091298, 0.075137, 0.992951),
      ["LeftHand"] = CFrame.new(0.000484, 0.024618, -0.000000, 0.896900, 0.400812, -0.186869, -0.372175, 0.912352, 0.170588, 0.238863, -0.083451, 0.967456),
      ["LeftLowerArm"] = CFrame.new(0.005478, 0.084676, 0.129103, 1.000000, -0.000000, 0.000000, 0.000000, -0.227658, -0.973745, 0.000000, 0.973742, -0.227659),
      ["LeftLowerLeg"] = CFrame.new(0.000000, -0.028037, -0.000271, 1.000000, 0.000000, 0.000000, 0.000000, 1.000001, -0.000007, 0.000000, -0.000010, 1.000036),
      ["LeftUpperArm"] = CFrame.new(0.450564, -0.196142, 0.002707, 0.888732, 0.273405, -0.367975, -0.155896, 0.935098, 0.318257, 0.431106, -0.225480, 0.873673),
      ["LeftUpperLeg"] = CFrame.new(-0.000723, -0.097399, -0.061041, -0.047602, 0.982442, 0.180395, -0.150710, 0.171456, -0.973591, -0.987431, -0.073534, 0.139899),
      ["LowerTorso"] = CFrame.new(-0.170126, -1.051228, -0.006412, 0.975228, 0.022467, -0.220059, 0.217119, 0.093050, 0.971700, 0.042308, -0.995408, 0.085867),
      ["Right Arm"] = CFrame.new(-0.741911, -0.422710, 0.026880, -0.075422, -0.835119, 0.544874, 0.989941, 0.002910, 0.141486, -0.119743, 0.550061, 0.826495),
      ["Right Arm.001"] = CFrame.new(0.000000, -0.000000, 0.000000, 1.000000, -0.000000, 0.000000, -0.000000, 1.000000, 0.000000, -0.000000, -0.000000, 1.000000),
      ["Right Leg"] = CFrame.new(-0.674390, 0.342032, -0.286505, 0.209923, -0.196239, -0.957820, 0.935372, 0.325600, 0.138311, 0.284742, -0.924918, 0.251894),
      ["Right Leg.001"] = CFrame.new(0.000000, -0.000000, -0.000000, 1.000000, -0.000000, 0.000000, -0.000000, 1.000000, 0.000000, 0.000000, -0.000000, 1.000000),
      ["RightFoot"] = CFrame.new(-0.000000, -0.000039, -0.000102, 0.986755, -0.124089, -0.104476, 0.097929, 0.969179, -0.226060, 0.129332, 0.212822, 0.968459),
      ["RightHand"] = CFrame.new(-0.000482, 0.026572, 0.000000, 0.789379, -0.568964, 0.230569, 0.425374, 0.777720, 0.462825, -0.442646, -0.267265, 0.855935),
      ["RightLowerArm"] = CFrame.new(-0.011257, 0.072875, 0.129391, 1.000000, 0.000000, -0.000000, -0.000000, -0.376905, -0.926256, -0.000000, 0.926253, -0.376908),
      ["RightLowerLeg"] = CFrame.new(-0.000000, 0.035706, -0.006684, 1.000000, 0.000000, -0.000000, -0.000000, 0.933883, 0.357599, 0.000000, -0.357605, 0.933905),
      ["RightUpperArm"] = CFrame.new(-0.488596, -0.133655, 0.082698, 0.826495, -0.318233, 0.464363, 0.141486, 0.915833, 0.375807, -0.544874, -0.244902, 0.801956),
      ["RightUpperLeg"] = CFrame.new(-0.016717, -0.066244, -0.093048, 0.489364, -0.864678, 0.113319, 0.104354, -0.070986, -0.992007, 0.865814, 0.497282, 0.055478),
      ["Torso"] = CFrame.new(0.284307, -0.969102, -2.115168, 0.999183, -0.039920, 0.006276, 0.011691, 0.136892, -0.990517, 0.038682, 0.989781, 0.137247),
      ["UpperTorso"] = CFrame.new(-0.155027, -0.049405, -0.149482, 0.965538, -0.018229, 0.259623, 0.030487, 0.998598, -0.043268, -0.258470, 0.049692, 0.964740)
    }},
    {Time = 0.100, Data = {
      ["Head"] = CFrame.new(-0.003107, 0.068928, 0.157247, 0.999873, 0.001653, -0.015831, -0.003306, 0.994470, -0.104970, 0.015570, 0.105009, 0.994349),
      ["Head.001"] = CFrame.new(0.000000, -0.000000, 0.000000, -0.999873, -0.015831, 0.001653, 0.003306, -0.104970, 0.994470, -0.015570, 0.994349, 0.105009),
      ["Left Arm"] = CFrame.new(0.685642, -0.449211, -0.034155, 0.018972, 0.901453, -0.432462, -0.983158, 0.095469, 0.155869, 0.181796, 0.422219, 0.888077),
      ["Left Arm.001"] = CFrame.new(-0.000000, 0.000100, -0.000500, 1.000000, -0.000000, 0.000000, 0.000000, 1.000000, 0.000000, -0.000000, 0.000000, 1.000000),
      ["Left Leg"] = CFrame.new(0.421582, 0.077857, -0.519908, 0.189110, 0.136828, 0.972377, -0.971573, 0.169930, 0.165030, -0.142657, -0.975910, 0.165072),
      ["Left Leg.001"] = CFrame.new(-0.000000, -0.000200, -0.000000, 1.000000, 0.000000, -0.000000, 0.000000, 1.000000, -0.000000, 0.000000, -0.000000, 1.000000),
      ["LeftFoot"] = CFrame.new(0.000000, -0.023017, -0.000003, 0.996885, 0.060329, 0.050796, -0.054511, 0.992538, -0.109079, -0.056997, 0.105970, 0.992701),
      ["LeftHand"] = CFrame.new(0.000484, 0.024638, 0.000000, 0.895732, 0.402944, -0.187887, -0.374596, 0.911617, 0.169213, 0.239463, -0.081187, 0.967500),
      ["LeftLowerArm"] = CFrame.new(0.005478, 0.084562, 0.129600, 1.000000, -0.000000, 0.000000, 0.000000, -0.232809, -0.972527, 0.000000, 0.972523, -0.232811),
      ["LeftLowerLeg"] = CFrame.new(0.000000, -0.022538, -0.000198, 1.000000, 0.000000, -0.000000, -0.000000, 1.000001, -0.000007, -0.000000, -0.000010, 1.000036),
      ["LeftUpperArm"] = CFrame.new(0.450237, -0.196129, 0.003385, 0.888078, 0.275097, -0.368293, -0.155869, 0.933913, 0.321733, 0.432462, -0.228318, 0.872265),
      ["LeftUpperLeg"] = CFrame.new(-0.000723, -0.097399, -0.061040, -0.107061, 0.959381, 0.261014, -0.240130, 0.229789, -0.943146, -0.964819, -0.163653, 0.205771),
      ["LowerTorso"] = CFrame.new(-0.182081, -1.100560, -0.014510, 0.966874, 0.047250, -0.250842, 0.235252, 0.216382, 0.947542, 0.099049, -0.975165, 0.198098),
      ["Right Arm"] = CFrame.new(-0.744149, -0.421540, 0.030391, -0.076363, -0.833508, 0.547204, 0.990053, 0.001678, 0.140717, -0.118206, 0.552505, 0.825086),
      ["Right Arm.001"] = CFrame.new(-0.000000, 0.000000, 0.000000, 1.000000, -0.000000, 0.000000, 0.000000, 1.000000, -0.000000, 0.000000, 0.000000, 1.000000),
      ["Right Leg"] = CFrame.new(-0.640907, 0.314158, -0.314843, 0.174789, -0.175508, -0.968836, 0.941934, 0.316447, 0.112627, 0.286835, -0.932233, 0.220616),
      ["Right Leg.001"] = CFrame.new(0.000000, -0.000000, 0.000000, 1.000000, -0.000000, 0.000000, 0.000000, 1.000000, 0.000000, 0.000000, -0.000000, 1.000000),
      ["RightFoot"] = CFrame.new(0.000000, -0.000070, -0.000102, 0.992395, -0.094163, -0.079280, 0.074857, 0.972976, -0.218434, 0.097728, 0.210827, 0.972592),
      ["RightHand"] = CFrame.new(-0.000482, 0.026591, 0.000000, 0.786615, -0.572296, 0.231762, 0.428624, 0.776313, 0.462190, -0.444426, -0.264225, 0.855956),
      ["RightLowerArm"] = CFrame.new(-0.011257, 0.072693, 0.129844, 1.000000, 0.000000, 0.000000, -0.000000, -0.381611, -0.924327, -0.000000, 0.924324, -0.381615),
      ["RightLowerLeg"] = CFrame.new(-0.000000, 0.035486, -0.006611, 1.000000, 0.000000, 0.000000, -0.000000, 0.934616, 0.355679, 0.000000, -0.355687, 0.934637),
      ["RightUpperArm"] = CFrame.new(-0.487891, -0.133270, 0.083864, 0.825086, -0.320103, 0.465583, 0.140717, 0.914484, 0.379364, -0.547204, -0.247493, 0.799571),
      ["RightUpperLeg"] = CFrame.new(-0.016717, -0.066244, -0.093048, 0.478525, -0.863029, 0.161794, 0.206998, -0.068229, -0.975966, 0.853326, 0.500520, 0.145984),
      ["Torso"] = CFrame.new(0.284307, -0.969430, -2.117572, 0.999183, -0.039920, 0.006276, 0.011535, 0.132889, -0.991064, 0.038729, 0.990327, 0.133241),
      ["UpperTorso"] = CFrame.new(-0.153693, -0.074297, -0.138543, 0.955831, -0.072887, 0.284736, 0.050080, 0.994985, 0.086586, -0.289619, -0.068502, 0.954688)
    }},
    {Time = 0.133, Data = {
      ["Head"] = CFrame.new(-0.003107, 0.068928, 0.157247, 0.999874, 0.000635, -0.015870, -0.002693, 0.991513, -0.129981, 0.015652, 0.130008, 0.991389),
      ["Head.001"] = CFrame.new(0.000000, -0.000000, 0.000000, -0.999874, -0.015870, 0.000635, 0.002693, -0.129981, 0.991513, -0.015652, 0.991389, 0.130008),
      ["Left Arm"] = CFrame.new(0.688285, -0.448631, -0.031455, 0.017132, 0.900750, -0.433999, -0.983326, 0.093786, 0.155832, 0.181070, 0.424090, 0.887334),
      ["Left Arm.001"] = CFrame.new(0.000000, 0.000100, -0.000500, 1.000000, -0.000000, 0.000000, 0.000000, 1.000000, 0.000000, -0.000000, -0.000000, 1.000000),
      ["Left Leg"] = CFrame.new(0.370540, 0.096303, -0.534859, 0.159396, 0.107384, 0.981357, -0.972597, 0.187708, 0.137423, -0.169455, -0.976336, 0.134361),
      ["Left Leg.001"] = CFrame.new(-0.000000, -0.000200, 0.000000, 1.000000, 0.000000, -0.000000, 0.000000, 1.000000, 0.000000, 0.000000, 0.000000, 1.000000),
      ["LeftFoot"] = CFrame.new(-0.000000, -0.021714, -0.000003, 0.999219, 0.030238, 0.025460, -0.026663, 0.991060, -0.130730, -0.029184, 0.129947, 0.991058),
      ["LeftHand"] = CFrame.new(0.000484, 0.024658, -0.000000, 0.894407, 0.405342, -0.189034, -0.377328, 0.910778, 0.167652, 0.240124, -0.078620, 0.967549),
      ["LeftLowerArm"] = CFrame.new(0.005478, 0.084439, 0.130128, 1.000000, -0.000000, 0.000000, 0.000000, -0.238286, -0.971199, 0.000000, 0.971196, -0.238288),
      ["LeftLowerLeg"] = CFrame.new(-0.000000, -0.021238, -0.000181, 1.000000, 0.000000, -0.000000, 0.000000, 1.000001, -0.000006, -0.000000, -0.000010, 1.000036),
      ["LeftUpperArm"] = CFrame.new(0.449865, -0.196111, 0.004154, 0.887334, 0.276909, -0.368728, -0.155833, 0.932649, 0.325396, 0.433999, -0.231275, 0.870721),
      ["LeftUpperLeg"] = CFrame.new(-0.000723, -0.097399, -0.061041, -0.153473, 0.934981, 0.319783, -0.308472, 0.262099, -0.914405, -0.938771, -0.238981, 0.248186),
      ["LowerTorso"] = CFrame.new(-0.190825, -1.136986, -0.024724, 0.958422, 0.060697, -0.278825, 0.247808, 0.307445, 0.918732, 0.141488, -0.949628, 0.279620),
      ["Right Arm"] = CFrame.new(-0.746629, -0.420194, 0.034360, -0.077365, -0.831676, 0.549844, 0.990178, 0.000346, 0.139842, -0.116493, 0.555261, 0.823478),
      ["Right Arm.001"] = CFrame.new(0.000000, -0.000000, 0.000000, 1.000000, -0.000000, 0.000000, -0.000000, 1.000000, -0.000000, 0.000000, 0.000000, 1.000000),
      ["Right Leg"] = CFrame.new(-0.615527, 0.292312, -0.335196, 0.147678, -0.160715, -0.975889, 0.946565, 0.309110, 0.092351, 0.286831, -0.937348, 0.197765),
      ["Right Leg.001"] = CFrame.new(0.000000, 0.000000, 0.000000, 1.000000, 0.000000, 0.000000, 0.000000, 1.000000, 0.000000, -0.000000, -0.000000, 1.000000),
      ["RightFoot"] = CFrame.new(0.000000, -0.000188, -0.000102, 0.995508, -0.072423, -0.060977, 0.057940, 0.975455, -0.212442, 0.074886, 0.207944, 0.975236),
      ["RightHand"] = CFrame.new(-0.000482, 0.026611, -0.000000, 0.783482, -0.576038, 0.233102, 0.432289, 0.774707, 0.461471, -0.446407, -0.260785, 0.855981),
      ["RightLowerArm"] = CFrame.new(-0.011256, 0.072486, 0.130345, 1.000000, 0.000000, -0.000000, -0.000000, -0.386819, -0.922160, -0.000000, 0.922157, -0.386822),
      ["RightLowerLeg"] = CFrame.new(-0.000000, 0.034646, -0.006336, 1.000000, 0.000000, -0.000000, -0.000000, 0.937369, 0.348359, 0.000000, -0.348368, 0.937389),
      ["RightUpperArm"] = CFrame.new(-0.487087, -0.132832, 0.085184, 0.823478, -0.322210, 0.466974, 0.139842, 0.912961, 0.383336, -0.549844, -0.250367, 0.796860),
      ["RightUpperLeg"] = CFrame.new(-0.016717, -0.066244, -0.093048, 0.471309, -0.860512, 0.193302, 0.283014, -0.060057, -0.957242, 0.835327, 0.505871, 0.215222),
      ["Torso"] = CFrame.new(0.284307, -0.969785, -2.120252, 0.999183, -0.039920, 0.006276, 0.011360, 0.128424, -0.991654, 0.038780, 0.990916, 0.128773),
      ["UpperTorso"] = CFrame.new(-0.150516, -0.091621, -0.128482, 0.946422, -0.114412, 0.301987, 0.059513, 0.980912, 0.185119, -0.317403, -0.157229, 0.935166)
    }},
    {Time = 0.167, Data = {
      ["Head"] = CFrame.new(-0.003107, 0.068928, 0.157247, 0.999874, -0.000418, -0.015883, -0.002062, 0.987791, -0.155768, 0.015754, 0.155781, 0.987666),
      ["Head.001"] = CFrame.new(0.000000, -0.000000, -0.000000, -0.999874, -0.015883, -0.000418, 0.002061, -0.155768, 0.987791, -0.015754, 0.987666, 0.155781),
      ["Left Arm"] = CFrame.new(0.691019, -0.447991, -0.028628, 0.015265, 0.900002, -0.435619, -0.983493, 0.092088, 0.155791, 0.180328, 0.426047, 0.886547),
      ["Left Arm.001"] = CFrame.new(-0.000000, 0.000100, -0.000500, 1.000000, -0.000000, -0.000000, 0.000000, 1.000000, 0.000000, 0.000000, -0.000000, 1.000000),
      ["Left Leg"] = CFrame.new(0.336138, 0.112607, -0.542751, 0.137269, 0.088403, 0.986581, -0.972355, 0.202143, 0.117167, -0.189077, -0.975357, 0.113707),
      ["Left Leg.001"] = CFrame.new(-0.000000, -0.000200, 0.000000, 1.000000, 0.000000, 0.000000, -0.000000, 1.000000, 0.000000, 0.000000, 0.000000, 1.000000),
      ["LeftFoot"] = CFrame.new(0.000000, -0.020834, -0.000003, 0.999913, 0.010077, 0.008485, -0.008717, 0.988996, -0.147689, -0.009879, 0.147599, 0.988964),
      ["LeftHand"] = CFrame.new(0.000484, 0.024679, -0.000000, 0.893014, 0.407844, -0.190233, -0.380187, 0.909889, 0.166013, 0.240797, -0.075927, 0.967596),
      ["LeftLowerArm"] = CFrame.new(0.005478, 0.084308, 0.130672, 1.000000, -0.000000, 0.000000, 0.000000, -0.243924, -0.969799, 0.000000, 0.969796, -0.243925),
      ["LeftLowerLeg"] = CFrame.new(-0.000000, -0.020362, -0.000169, 1.000000, 0.000000, -0.000000, 0.000000, 1.000001, -0.000006, -0.000000, -0.000010, 1.000036),
      ["LeftUpperArm"] = CFrame.new(0.449472, -0.196089, 0.004964, 0.886547, 0.278803, -0.369192, -0.155791, 0.931319, 0.329202, 0.435619, -0.234336, 0.869092),
      ["LeftUpperLeg"] = CFrame.new(-0.000723, -0.097399, -0.061041, -0.181025, 0.914738, 0.361234, -0.358066, 0.280778, -0.890472, -0.915980, -0.290543, 0.276705),
      ["LowerTorso"] = CFrame.new(-0.199126, -1.162373, -0.034132, 0.952390, 0.068897, -0.296996, 0.251908, 0.370912, 0.893849, 0.171743, -0.926109, 0.335897),
      ["Right Arm"] = CFrame.new(-0.749180, -0.418754, 0.038526, -0.078347, -0.829741, 0.552622, 0.990308, -0.000985, 0.138917, -0.114721, 0.558147, 0.821773),
      ["Right Arm.001"] = CFrame.new(-0.000000, 0.000000, 0.000000, 1.000000, 0.000000, 0.000000, 0.000000, 1.000000, -0.000000, 0.000000, 0.000000, 1.000000),
      ["Right Leg"] = CFrame.new(-0.595999, 0.270372, -0.351933, 0.125425, -0.149959, -0.980704, 0.950762, 0.300653, 0.075639, 0.283524, -0.941870, 0.180275),
      ["Right Leg.001"] = CFrame.new(0.000000, -0.000000, 0.000000, 1.000000, 0.000000, -0.000000, 0.000000, 1.000000, -0.000000, 0.000000, 0.000000, 1.000000),
      ["RightFoot"] = CFrame.new(0.000000, -0.000413, -0.000102, 0.997331, -0.055854, -0.047027, 0.045073, 0.977704, -0.205096, 0.057454, 0.202418, 0.977579),
      ["RightHand"] = CFrame.new(-0.000482, 0.026631, 0.000000, 0.780181, -0.579939, 0.234497, 0.436128, 0.773004, 0.460715, -0.448451, -0.257169, 0.856006),
      ["RightLowerArm"] = CFrame.new(-0.011256, 0.072269, 0.130860, 1.000000, 0.000000, -0.000000, -0.000000, -0.392163, -0.919900, -0.000000, 0.919896, -0.392166),
      ["RightLowerLeg"] = CFrame.new(-0.000000, 0.033065, -0.005836, 1.000000, 0.000000, -0.000000, -0.000000, 0.942368, 0.334601, -0.000000, -0.334611, 0.942388),
      ["RightUpperArm"] = CFrame.new(-0.486234, -0.132370, 0.086573, 0.821773, -0.324416, 0.468447, 0.138918, 0.911362, 0.387454, -0.552622, -0.253325, 0.793999),
      ["RightUpperLeg"] = CFrame.new(-0.016717, -0.066244, -0.093048, 0.461552, -0.861712, 0.210714, 0.335554, -0.050328, -0.940684, 0.821202, 0.504889, 0.265916),
      ["Torso"] = CFrame.new(0.284307, -0.970139, -2.123027, 0.999183, -0.039920, 0.006276, 0.011179, 0.123804, -0.992244, 0.038833, 0.991503, 0.124149),
      ["UpperTorso"] = CFrame.new(-0.144898, -0.103156, -0.121660, 0.939910, -0.145114, 0.309049, 0.064790, 0.964542, 0.255855, -0.335219, -0.220457, 0.915984)
    }},
    {Time = 0.200, Data = {
      ["Head"] = CFrame.new(-0.003107, 0.068928, 0.157247, 0.999873, -0.001436, -0.015870, -0.001454, 0.983556, -0.180595, 0.015868, 0.180595, 0.983429),
      ["Head.001"] = CFrame.new(0.000000, -0.000000, -0.000000, -0.999873, -0.015869, -0.001436, 0.001454, -0.180595, 0.983557, -0.015868, 0.983430, 0.180595),
      ["Left Arm"] = CFrame.new(0.693663, -0.447334, -0.025860, 0.013497, 0.899256, -0.437214, -0.983649, 0.090487, 0.155746, 0.179618, 0.427961, 0.885769),
      ["Left Arm.001"] = CFrame.new(0.000000, 0.000100, -0.000500, 1.000000, -0.000000, 0.000000, -0.000000, 1.000000, 0.000000, 0.000000, -0.000000, 1.000000),
      ["Left Leg"] = CFrame.new(0.323326, 0.129726, -0.536899, 0.128496, 0.082760, 0.988251, -0.970763, 0.214392, 0.108258, -0.202918, -0.973235, 0.107889),
      ["Left Leg.001"] = CFrame.new(-0.000000, -0.000200, -0.000000, 1.000000, 0.000000, -0.000000, -0.000000, 1.000000, 0.000000, -0.000000, -0.000000, 1.000000),
      ["LeftFoot"] = CFrame.new(0.000000, -0.015567, -0.000003, 0.999983, 0.004378, 0.003686, -0.003731, 0.986966, -0.160890, -0.004342, 0.160870, 0.986932),
      ["LeftHand"] = CFrame.new(0.000484, 0.024700, 0.000000, 0.891644, 0.410288, -0.191403, -0.382986, 0.909006, 0.164405, 0.241438, -0.073284, 0.967640),
      ["LeftLowerArm"] = CFrame.new(0.005478, 0.084180, 0.131196, 1.000000, -0.000000, 0.000000, 0.000000, -0.249350, -0.968418, 0.000000, 0.968415, -0.249352),
      ["LeftLowerLeg"] = CFrame.new(-0.000000, -0.015114, -0.000100, 1.000000, -0.000000, 0.000000, 0.000000, 1.000001, -0.000006, -0.000000, -0.000010, 1.000036),
      ["LeftUpperArm"] = CFrame.new(0.449083, -0.196067, 0.005761, 0.885769, 0.280656, -0.369655, -0.155746, 0.930011, 0.332900, 0.437214, -0.237300, 0.867485),
      ["LeftUpperLeg"] = CFrame.new(-0.000723, -0.097399, -0.061040, -0.168852, 0.904221, 0.392273, -0.393511, 0.303035, -0.867932, -0.903680, -0.300915, 0.304649),
      ["LowerTorso"] = CFrame.new(-0.211538, -1.178319, -0.041374, 0.953348, 0.082411, -0.290406, 0.232998, 0.410778, 0.881461, 0.191935, -0.908003, 0.372413),
      ["Right Arm"] = CFrame.new(-0.751633, -0.417310, 0.042617, -0.079241, -0.827830, 0.555354, 0.990434, -0.002224, 0.138005, -0.113009, 0.560974, 0.820083),
      ["Right Arm.001"] = CFrame.new(-0.000000, -0.000000, -0.000000, 1.000000, 0.000000, -0.000000, 0.000000, 1.000000, -0.000000, -0.000000, -0.000000, 1.000000),
      ["Right Leg"] = CFrame.new(-0.575297, 0.237644, -0.372501, 0.101365, -0.138558, -0.985153, 0.956429, 0.286222, 0.058169, 0.273927, -0.948092, 0.161525),
      ["Right Leg.001"] = CFrame.new(0.000000, 0.000000, 0.000000, 1.000000, 0.000000, -0.000000, -0.000000, 1.000000, -0.000000, 0.000000, -0.000000, 1.000000),
      ["RightFoot"] = CFrame.new(0.000000, -0.000855, -0.000102, 0.998756, -0.038142, -0.032114, 0.031295, 0.980986, -0.191538, 0.038829, 0.190286, 0.980927),
      ["RightHand"] = CFrame.new(-0.000483, 0.026649, 0.000000, 0.776929, -0.583741, 0.235856, 0.439886, 0.771314, 0.459972, -0.450421, -0.253614, 0.856032),
      ["RightLowerArm"] = CFrame.new(-0.011257, 0.072057, 0.131354, 1.000000, 0.000000, -0.000000, -0.000000, -0.397295, -0.917695, -0.000000, 0.917692, -0.397298),
      ["RightLowerLeg"] = CFrame.new(-0.000000, 0.030005, -0.004936, 1.000000, 0.000000, -0.000000, -0.000000, 0.951370, 0.308073, 0.000000, -0.308086, 0.951391),
      ["RightUpperArm"] = CFrame.new(-0.485390, -0.131914, 0.087939, 0.820084, -0.326579, 0.469903, 0.138005, 0.909792, 0.391451, -0.555354, -0.256175, 0.791174),
      ["RightUpperLeg"] = CFrame.new(-0.016717, -0.066244, -0.093048, 0.430020, -0.877163, 0.213653, 0.365558, -0.047246, -0.929597, 0.825500, 0.477857, 0.300332),
      ["Torso"] = CFrame.new(0.284307, -0.970468, -2.125710, 0.999183, -0.039920, 0.006276, 0.011004, 0.119334, -0.992793, 0.038883, 0.992051, 0.119676),
      ["UpperTorso"] = CFrame.new(-0.134251, -0.110828, -0.121052, 0.941398, -0.168651, 0.292108, 0.076363, 0.950102, 0.302447, -0.328540, -0.262417, 0.907303)
    }},
    {Time = 0.233, Data = {
      ["Head"] = CFrame.new(-0.003107, 0.068928, 0.157247, 0.999872, -0.002348, -0.015836, -0.000912, 0.979228, -0.202762, 0.015983, 0.202751, 0.979100),
      ["Head.001"] = CFrame.new(0.000000, -0.000000, -0.000000, -0.999872, -0.015836, -0.002348, 0.000912, -0.202762, 0.979228, -0.015983, 0.979100, 0.202751),
      ["Left Arm"] = CFrame.new(0.696035, -0.446711, -0.023348, 0.011940, 0.898569, -0.438671, -0.983783, 0.089085, 0.155702, 0.178989, 0.429695, 0.885056),
      ["Left Arm.001"] = CFrame.new(0.000000, 0.000100, -0.000500, 1.000000, 0.000000, 0.000000, 0.000000, 1.000000, -0.000000, 0.000000, -0.000000, 1.000000),
      ["Left Leg"] = CFrame.new(0.334274, 0.150311, -0.513630, 0.136730, 0.091766, 0.986349, -0.967644, 0.225674, 0.113131, -0.212217, -0.969871, 0.119652),
      ["Left Leg.001"] = CFrame.new(0.000000, -0.000200, 0.000000, 1.000000, 0.000000, -0.000000, 0.000000, 1.000000, 0.000000, -0.000000, -0.000000, 1.000000),
      ["LeftFoot"] = CFrame.new(-0.000000, -0.003617, -0.000003, 0.999788, 0.015768, 0.013277, -0.013261, 0.985085, -0.171564, -0.015782, 0.171347, 0.985050),
      ["LeftHand"] = CFrame.new(0.000484, 0.024718, -0.000000, 0.890395, 0.412499, -0.192462, -0.385526, 0.908196, 0.162942, 0.242006, -0.070883, 0.967677),
      ["LeftLowerArm"] = CFrame.new(0.005478, 0.084062, 0.131663, 1.000000, -0.000000, 0.000000, 0.000000, -0.254196, -0.967157, 0.000000, 0.967154, -0.254198),
      ["LeftLowerLeg"] = CFrame.new(-0.000000, -0.003205, 0.000058, 1.000000, -0.000000, 0.000000, -0.000000, 1.000001, -0.000006, -0.000000, -0.000010, 1.000036),
      ["LeftUpperArm"] = CFrame.new(0.448727, -0.196045, 0.006490, 0.885057, 0.282336, -0.370082, -0.155702, 0.928819, 0.336232, 0.438671, -0.239961, 0.866017),
      ["LeftUpperLeg"] = CFrame.new(-0.000723, -0.097399, -0.061040, -0.105391, 0.902875, 0.416792, -0.417812, 0.340122, -0.842458, -0.902400, -0.262927, 0.341384),
      ["LowerTorso"] = CFrame.new(-0.231191, -1.186159, -0.046121, 0.961640, 0.108233, -0.252060, 0.183232, 0.430377, 0.883856, 0.204143, -0.896137, 0.394036),
      ["Right Arm"] = CFrame.new(-0.753821, -0.415969, 0.046340, -0.079997, -0.826082, 0.557843, 0.990547, -0.003293, 0.137169, -0.111475, 0.563540, 0.818533),
      ["Right Arm.001"] = CFrame.new(-0.000000, -0.000000, 0.000000, 1.000000, 0.000000, -0.000000, 0.000000, 1.000000, -0.000000, 0.000000, -0.000000, 1.000000),
      ["Right Leg"] = CFrame.new(-0.548595, 0.180446, -0.402669, 0.071618, -0.123466, -0.989760, 0.965264, 0.258683, 0.037594, 0.251402, -0.958039, 0.137698),
      ["Right Leg.001"] = CFrame.new(0.000000, -0.000000, -0.000000, 1.000000, -0.000000, 0.000000, -0.000000, 1.000000, -0.000000, -0.000000, 0.000000, 1.000000),
      ["RightFoot"] = CFrame.new(-0.000000, -0.001775, -0.000102, 0.999789, -0.015701, -0.013221, 0.013307, 0.986282, -0.164536, 0.015644, 0.164321, 0.986249),
      ["RightHand"] = CFrame.new(-0.000482, 0.026666, 0.000000, 0.773960, -0.587177, 0.237085, 0.443299, 0.769763, 0.459294, -0.452183, -0.250374, 0.856057),
      ["RightLowerArm"] = CFrame.new(-0.011256, 0.071866, 0.131794, 1.000000, 0.000000, -0.000000, 0.000000, -0.401866, -0.915702, -0.000000, 0.915699, -0.401869),
      ["RightLowerLeg"] = CFrame.new(-0.000000, 0.023904, -0.003394, 1.000000, 0.000000, 0.000000, -0.000000, 0.966777, 0.255638, -0.000000, -0.255656, 0.966802),
      ["RightUpperArm"] = CFrame.new(-0.484614, -0.131496, 0.089183, 0.818533, -0.328545, 0.471234, 0.137169, 0.908361, 0.395049, -0.557843, -0.258723, 0.788589),
      ["RightUpperLeg"] = CFrame.new(-0.016717, -0.066244, -0.093048, 0.365265, -0.909498, 0.198434, 0.374008, -0.051855, -0.925983, 0.852467, 0.412453, 0.321211),
      ["Torso"] = CFrame.new(0.284307, -0.970754, -2.128119, 0.999183, -0.039920, 0.006276, 0.010847, 0.115322, -0.993269, 0.038927, 0.992526, 0.115661),
      ["UpperTorso"] = CFrame.new(-0.116634, -0.115695, -0.127107, 0.951508, -0.187612, 0.243793, 0.101112, 0.939203, 0.328137, -0.290534, -0.287574, 0.912629)
    }},
    {Time = 0.267, Data = {
      ["Head"] = CFrame.new(-0.003107, 0.068928, 0.157247, 0.999871, -0.003085, -0.015793, -0.000475, 0.975363, -0.220607, 0.016085, 0.220586, 0.975235),
      ["Head.001"] = CFrame.new(0.000000, 0.000000, 0.000000, -0.999871, -0.015793, -0.003085, 0.000475, -0.220607, 0.975363, -0.016085, 0.975235, 0.220586),
      ["Left Arm"] = CFrame.new(0.697954, -0.446184, -0.021294, 0.010703, 0.897999, -0.439867, -0.983889, 0.087976, 0.155664, 0.178484, 0.431112, 0.884469),
      ["Left Arm.001"] = CFrame.new(0.000000, 0.000100, -0.000500, 1.000000, 0.000000, -0.000000, 0.000000, 1.000000, -0.000000, -0.000000, 0.000000, 1.000000),
      ["Left Leg"] = CFrame.new(0.347889, 0.278296, -0.457363, 0.167204, 0.103029, 0.980525, -0.946663, 0.294741, 0.130446, -0.275571, -0.950007, 0.146813),
      ["Left Leg.001"] = CFrame.new(-0.000000, -0.000200, 0.000000, 1.000000, 0.000000, -0.000000, 0.000000, 1.000000, -0.000000, -0.000000, -0.000000, 1.000000),
      ["LeftFoot"] = CFrame.new(-0.000000, 0.003987, -0.000003, 0.998476, 0.042211, 0.035542, -0.032468, 0.970187, -0.240176, -0.044616, 0.238647, 0.970047),
      ["LeftHand"] = CFrame.new(0.000484, 0.024733, -0.000000, 0.889370, 0.414303, -0.193326, -0.387601, 0.907526, 0.161746, 0.242459, -0.068917, 0.967706),
      ["LeftLowerArm"] = CFrame.new(0.005478, 0.083965, 0.132040, 1.000000, -0.000000, 0.000000, 0.000000, -0.258102, -0.966122, 0.000000, 0.966119, -0.258104),
      ["LeftLowerLeg"] = CFrame.new(-0.000000, 0.017296, -0.000720, 1.000000, -0.000000, -0.000000, 0.000000, 0.991486, 0.130229, -0.000000, -0.130239, 0.991518),
      ["LeftUpperArm"] = CFrame.new(0.448433, -0.196026, 0.007087, 0.884470, 0.283707, -0.370437, -0.155664, 0.927842, 0.338938, 0.439867, -0.242116, 0.864810),
      ["LeftUpperLeg"] = CFrame.new(-0.000723, -0.097399, -0.061040, 0.000343, 0.929679, 0.368381, -0.431009, 0.332531, -0.838832, -0.902348, -0.158483, 0.400814),
      ["LowerTorso"] = CFrame.new(-0.257443, -1.187240, -0.048660, 0.971473, 0.143932, -0.188477, 0.109416, 0.433079, 0.894690, 0.210400, -0.889790, 0.404976),
      ["Right Arm"] = CFrame.new(-0.755583, -0.414854, 0.049389, -0.080575, -0.824644, 0.559884, 0.990639, -0.004130, 0.136481, -0.110235, 0.565637, 0.817253),
      ["Right Arm.001"] = CFrame.new(-0.000000, -0.000000, 0.000000, 1.000000, -0.000000, 0.000000, 0.000000, 1.000000, -0.000000, 0.000000, 0.000000, 1.000000),
      ["Right Leg"] = CFrame.new(-0.516096, 0.084931, -0.442832, 0.038215, -0.104892, -0.993748, 0.977677, 0.209706, 0.015482, 0.206775, -0.972121, 0.110564),
      ["Right Leg.001"] = CFrame.new(0.000000, -0.000000, 0.000000, 1.000000, 0.000000, 0.000000, 0.000000, 1.000000, 0.000000, 0.000000, -0.000000, 1.000000),
      ["RightFoot"] = CFrame.new(0.000000, -0.003689, -0.000102, 0.999919, 0.009751, 0.008209, -0.008739, 0.993249, -0.115685, -0.009260, 0.115607, 0.993218),
      ["RightHand"] = CFrame.new(-0.000482, 0.026680, 0.000000, 0.771522, -0.589974, 0.238084, 0.446087, 0.768482, 0.458738, -0.453604, -0.247719, 0.856078),
      ["RightLowerArm"] = CFrame.new(-0.011257, 0.071710, 0.132148, 1.000000, 0.000000, -0.000000, -0.000000, -0.405542, -0.914080, -0.000000, 0.914077, -0.405545),
      ["RightLowerLeg"] = CFrame.new(0.000000, 0.012428, -0.001345, 1.000000, 0.000000, 0.000000, -0.000000, 0.987244, 0.159222, 0.000000, -0.159246, 0.987275),
      ["RightUpperArm"] = CFrame.new(-0.483974, -0.131152, 0.090204, 0.817253, -0.330153, 0.472330, 0.136481, 0.907190, 0.397968, -0.559884, -0.260777, 0.786463),
      ["RightUpperLeg"] = CFrame.new(-0.016717, -0.066244, -0.093048, 0.273392, -0.948734, 0.158579, 0.363442, -0.050784, -0.930240, 0.890599, 0.311961, 0.330914),
      ["Torso"] = CFrame.new(0.284307, -0.970978, -2.130069, 0.999183, -0.039920, 0.006276, 0.010719, 0.112075, -0.993642, 0.038962, 0.992898, 0.112412),
      ["UpperTorso"] = CFrame.new(-0.092183, -0.117586, -0.136917, 0.964161, -0.202861, 0.171000, 0.136479, 0.931912, 0.336026, -0.227524, -0.300645, 0.926200)
    }},
    {Time = 0.300, Data = {
      ["Head"] = CFrame.new(-0.003107, 0.068928, 0.157247, 0.999869, -0.003577, -0.015758, -0.000184, 0.972596, -0.232503, 0.016158, 0.232476, 0.972468),
      ["Head.001"] = CFrame.new(0.000000, 0.000000, -0.000000, -0.999869, -0.015758, -0.003577, 0.000184, -0.232503, 0.972596, -0.016157, 0.972468, 0.232476),
      ["Left Arm"] = CFrame.new(0.699238, -0.445820, -0.019910, 0.009885, 0.897612, -0.440676, -0.983958, 0.087246, 0.155637, 0.178149, 0.432066, 0.884071),
      ["Left Arm.001"] = CFrame.new(-0.000000, 0.000100, -0.000500, 1.000000, -0.000000, -0.000000, 0.000000, 1.000000, -0.000000, -0.000000, -0.000000, 1.000000),
      ["Left Leg"] = CFrame.new(0.364797, 0.422242, -0.385063, 0.215005, 0.116997, 0.969581, -0.915572, 0.369714, 0.158398, -0.339950, -0.921750, 0.186604),
      ["Left Leg.001"] = CFrame.new(0.000000, -0.000200, -0.000000, 1.000000, -0.000000, 0.000000, -0.000000, 1.000000, 0.000000, -0.000000, 0.000000, 1.000000),
      ["LeftFoot"] = CFrame.new(0.000000, 0.007562, -0.000003, 0.994351, 0.081194, 0.068366, -0.055732, 0.947534, -0.314759, -0.090329, 0.309157, 0.946677),
      ["LeftHand"] = CFrame.new(0.000484, 0.024743, -0.000000, 0.888677, 0.415516, -0.193907, -0.389001, 0.907071, 0.160938, 0.242759, -0.067591, 0.967724),
      ["LeftLowerArm"] = CFrame.new(0.005478, 0.083900, 0.132292, 1.000000, -0.000000, 0.000000, -0.000000, -0.260708, -0.965422, 0.000000, 0.965419, -0.260710),
      ["LeftLowerLeg"] = CFrame.new(-0.000000, 0.035382, -0.003771, 1.000000, -0.000000, -0.000000, 0.000000, 0.960600, 0.277957, -0.000000, -0.277961, 0.960625),
      ["LeftUpperArm"] = CFrame.new(0.448234, -0.196013, 0.007492, 0.884071, 0.284631, -0.370679, -0.155637, 0.927181, 0.340753, 0.440676, -0.243558, 0.863992),
      ["LeftUpperLeg"] = CFrame.new(-0.000723, -0.097399, -0.061041, 0.137235, 0.945847, 0.294187, -0.432818, 0.324389, -0.841086, -0.890975, -0.011896, 0.453900),
      ["LowerTorso"] = CFrame.new(-0.288872, -1.182879, -0.049612, 0.976938, 0.185128, -0.106397, 0.018705, 0.422177, 0.906320, 0.212704, -0.887408, 0.408978),
      ["Right Arm"] = CFrame.new(-0.756758, -0.414093, 0.051449, -0.080946, -0.823669, 0.561264, 0.990700, -0.004676, 0.136015, -0.109406, 0.567052, 0.816384),
      ["Right Arm.001"] = CFrame.new(-0.000000, 0.000000, 0.000000, 1.000000, 0.000000, 0.000000, -0.000000, 1.000000, -0.000000, 0.000000, 0.000000, 1.000000),
      ["Right Leg"] = CFrame.new(-0.477178, -0.062904, -0.490179, 0.004542, -0.082450, -0.996584, 0.991425, 0.130796, -0.006280, 0.130863, -0.987973, 0.082342),
      ["Right Leg.001"] = CFrame.new(-0.000000, -0.000000, 0.000000, 1.000000, -0.000000, 0.000000, -0.000000, 1.000000, -0.000000, -0.000000, 0.000000, 1.000000),
      ["RightFoot"] = CFrame.new(0.000000, -0.009206, -0.000103, 0.998886, 0.036105, 0.030397, -0.034976, 0.998715, -0.036730, -0.031660, 0.035636, 0.998829),
      ["RightHand"] = CFrame.new(-0.000482, 0.026690, 0.000000, 0.769872, -0.591855, 0.238756, 0.447968, 0.767612, 0.458362, -0.454553, -0.245924, 0.856092),
      ["RightLowerArm"] = CFrame.new(-0.011257, 0.071605, 0.132383, 1.000000, 0.000000, -0.000000, -0.000000, -0.407992, -0.912989, -0.000000, 0.912987, -0.407995),
      ["RightLowerLeg"] = CFrame.new(-0.000000, -0.008993, -0.000097, 1.000000, 0.000000, -0.000000, 0.000000, 1.000001, -0.000014, -0.000000, -0.000017, 1.000036),
      ["RightUpperArm"] = CFrame.new(-0.483540, -0.130919, 0.090894, 0.816384, -0.331238, 0.473073, 0.136015, 0.906399, 0.399926, -0.561264, -0.262149, 0.785022),
