return {
  ["Nova pole dance sway"] = {
    {Time = 0.000, Data = {
      ["LowerTorso"] = CFrame.new(0.0674, -0.991715, -0.975297, 0.097897, -0.786234, 0.610124, 0.704571, 0.48773, 0.51546, -0.702848, 0.379414, 0.601705),
      ["UpperTorso"] = CFrame.new(-0.005108, -0.06151, -0.007181, 0.765115, 0.2222, -0.60434, -0.145205, 0.973936, 0.174256, 0.627308, -0.045572, 0.777437),
      ["Head"] = CFrame.new(0, 0, 0, 0.796996, 0.586933, -0.142502, -0.530304, 0.792944, 0.300028, 0.289093, -0.163552, 0.943226),
      ["LeftUpperArm"] = CFrame.new(-0.034116, -0.211239, -0.017028, 0.909808, 0.320428, 0.263774, -0.414479, 0.734233, 0.537689, -0.021381, -0.598522, 0.80082),
      ["LeftLowerArm"] = CFrame.new(-0.000499, 0.102438, 0.113484, 1, 0, 0, 0, -0.142682, -0.989773, 0, 0.98977, -0.142682),
      ["LeftHand"] = CFrame.new(0.000496, 0.005911, 0, 0.839634, 0.468586, -0.274668, 0.018792, 0.480328, 0.876888, 0.542826, -0.741422, 0.394492),
      ["RightUpperArm"] = CFrame.new(0.700032, 0.004064, -0.345071, -0.675848, -0.620767, 0.397337, -0.23993, -0.324433, -0.914973, 0.696895, -0.713717, 0.070326),
      ["RightLowerArm"] = CFrame.new(0, 0.028417, 0.005071, 1, 0, 0, 0, 0.948996, -0.315291, 0, 0.315288, 0.949001),
      ["RightHand"] = CFrame.new(-0.000502, -0.003569, 0, 0.998359, 0.049857, -0.028182, -0.052558, 0.993077, -0.105049, 0.02275, 0.106359, 0.994063),
      ["LeftUpperLeg"] = CFrame.new(0, 0, -0.0001, 0.741193, -0.247258, 0.624092, 0.545137, 0.764228, -0.344625, -0.391738, 0.595663, 0.701241),
      ["LeftLowerLeg"] = CFrame.new(0, 0.07507, -0.020232, 1, 0, 0, 0, 0.79286, 0.609431, 0, -0.609423, 0.792871),
      ["LeftFoot"] = CFrame.new(0, 0.015228, -0.000003, 0.971205, 0.22044, 0.090372, -0.194491, 0.952671, -0.233648, -0.137596, 0.209333, 0.968081),
      ["RightUpperLeg"] = CFrame.new(0, 0, 0, 0.862904, -0.009168, 0.505284, 0.50433, 0.079672, -0.859824, -0.032373, 0.996777, 0.073387),
      ["RightLowerLeg"] = CFrame.new(0, 0.061996, -0.013416, 1, 0, 0, 0, 0.863628, 0.504151, 0, -0.504146, 0.863649),
      ["RightFoot"] = CFrame.new(0, 0.012607, -0.000103, 0.979028, 0.116698, 0.16699, -0.159597, 0.948787, 0.272639, -0.126619, -0.293564, 0.947482),
      ["Right Leg.001"] = CFrame.new(0, 0, 0, 1, 0, 0, 0, 1, 0, 0, 0, 1),
      ["Left Leg.001"] = CFrame.new(0, -0.0002, 0, 1, 0, 0, 0, 1, 0, 0, 0, 1),
      ["Right Arm.001"] = CFrame.new(0, 0, 0, 1, 0, 0, 0, 1, 0, 0, 0, 1),
      ["Left Arm.001"] = CFrame.new(0, 0.0001, -0.0005, 1, 0, 0, 0, 1, 0, 0, 0, 1),
      ["Torso"] = CFrame.new(0.66669, -0.736041, -1.469075, 0.571803, -0.278165, 0.771794, 0.215398, 0.958662, 0.185931, -0.791609, 0.059927, 0.608082),
      ["Head.001"] = CFrame.new(0, 0, 0, -0.796996, -0.142502, 0.586933, 0.530304, 0.300028, 0.792944, -0.289093, 0.943226, -0.163552),
      ["Left Arm"] = CFrame.new(0.857225, -0.147855, 0.104508, 0.478139, 0.878025, 0.021381, -0.803442, 0.427427, 0.414479, 0.354786, -0.215356, 0.909808),
      ["Right Arm"] = CFrame.new(0.150022, 0.211946, 0.920723, 0.291768, 0.655141, -0.696895, 0.766019, -0.596366, -0.23993, -0.572796, -0.46383, -0.675848),
      ["Left Leg"] = CFrame.new(0.447014, -0.340557, -0.042805, 0.54004, 0.525437, 0.657491, 0.222071, 0.664563, -0.713474, -0.811854, 0.531293, 0.2422),
      ["Right Leg"] = CFrame.new(0.457655, 0.834415, -0.545339, 0.056623, -0.886747, 0.458773, 0.613963, 0.393286, 0.684397, -0.787343, 0.24291, 0.566682),
    }},
    {Time = 0.033, Data = {
      ["LowerTorso"] = CFrame.new(0.068366, -0.988204, -0.97691, 0.078143, -0.786994, 0.611992, 0.702301, 0.479148, 0.526488, -0.707578, 0.388661, 0.590149),
      ["UpperTorso"] = CFrame.new(-0.005604, -0.061422, -0.007549, 0.758298, 0.231426, -0.609447, -0.155436, 0.972089, 0.175734, 0.633106, -0.038529, 0.773105),
      ["Head"] = CFrame.new(0, 0, 0, 0.795793, 0.587729, -0.145903, -0.529405, 0.792188, 0.303593, 0.294013, -0.164356, 0.941564),
      ["LeftUpperArm"] = CFrame.new(-0.033898, -0.210949, -0.012432, 0.910242, 0.332072, 0.247362, -0.413898, 0.747245, 0.519917, -0.01219, -0.575633, 0.817616),
      ["LeftLowerArm"] = CFrame.new(-0.000499, 0.102528, 0.112773, 1, 0, 0, 0, -0.135505, -0.990781, 0, 0.990778, -0.135505),
      ["LeftHand"] = CFrame.new(0.000496, 0.005881, 0, 0.838849, 0.469631, -0.275281, 0.031162, 0.463436, 0.885582, 0.543469, -0.751445, 0.374116),
      ["RightUpperArm"] = CFrame.new(0.702597, 0.001858, -0.343322, -0.680978, -0.611917, 0.402277, -0.235519, -0.33714, -0.911519, 0.693397, -0.715469, 0.085466),
      ["RightLowerArm"] = CFrame.new(0, 0.026217, 0.004455, 1, 0, 0, 0, 0.955159, -0.296096, 0, 0.296093, 0.955164),
      ["RightHand"] = CFrame.new(-0.000502, -0.003872, 0, 0.998429, 0.048782, -0.027551, -0.051655, 0.991958, -0.115547, 0.021693, 0.11679, 0.992915),
      ["LeftUpperLeg"] = CFrame.new(0, 0, -0.0001, 0.741112, -0.241718, 0.626354, 0.537338, 0.772881, -0.337502, -0.402518, 0.586704, 0.702687),
      ["LeftLowerLeg"] = CFrame.new(0, 0.074127, -0.019696, 1, 0, 0, 0, 0.798372, 0.602192, 0, -0.602184, 0.798383),
      ["LeftFoot"] = CFrame.new(0, 0.014966, -0.000003, 0.973933, 0.21109, 0.083035, -0.192177, 0.96233, -0.192324, -0.1205, 0.171343, 0.977781),
      ["RightUpperLeg"] = CFrame.new(0, 0, 0, 0.843323, -0.017762, 0.537112, 0.53704, 0.064733, -0.841066, -0.019828, 0.997743, 0.064143),
      ["RightLowerLeg"] = CFrame.new(0, 0.054873, -0.010222, 1, 0, 0, 0, 0.896145, 0.443778, 0, -0.443775, 0.896171),
      ["RightFoot"] = CFrame.new(0, 0.011315, -0.000103, 0.980107, 0.112242, 0.163683, -0.159485, 0.936294, 0.31292, -0.11813, -0.332789, 0.935537),
      ["Right Leg.001"] = CFrame.new(0, 0, 0, 1, 0, 0, 0, 1, 0, 0, 0, 1),
      ["Left Leg.001"] = CFrame.new(0, -0.0002, 0, 1, 0, 0, 0, 1, 0, 0, 0, 1),
      ["Right Arm.001"] = CFrame.new(0, 0, 0, 1, 0, 0, 0, 1, 0, 0, 0, 1),
      ["Left Arm.001"] = CFrame.new(0, 0.0001, -0.0005, 1, 0, 0, 0, 1, 0, 0, 0, 1),
      ["Torso"] = CFrame.new(0.665464, -0.731014, -1.469073, 0.569039, -0.287208, 0.770523, 0.22334, 0.95578, 0.191323, -0.7914, 0.063218, 0.608021),
      ["Head.001"] = CFrame.new(0, 0, 0, -0.795793, -0.145903, 0.587729, 0.529405, 0.303593, 0.792188, -0.294013, 0.941565, -0.164356),
      ["Left Arm"] = CFrame.new(0.853446, -0.164341, 0.120698, 0.459535, 0.888077, 0.01219, -0.810808, 0.413867, 0.413898, 0.36253, -0.200083, 0.910242),
      ["Right Arm"] = CFrame.new(0.146816, 0.222028, 0.917501, 0.293482, 0.65808, -0.693397, 0.770824, -0.591917, -0.235519, -0.565427, -0.465366, -0.680978),
      ["Left Leg"] = CFrame.new(0.461598, -0.352088, -0.064132, 0.52525, 0.526627, 0.668429, 0.237312, 0.663696, -0.709362, -0.817227, 0.531198, 0.223625),
      ["Right Leg"] = CFrame.new(0.444027, 0.806718, -0.522908, -0.029207, -0.899997, 0.434914, 0.614479, 0.327019, 0.717983, -0.788435, 0.288206, 0.543462),
    }},
    {Time = 0.067, Data = {
      ["LowerTorso"] = CFrame.new(0.069575, -0.982993, -0.979461, 0.048948, -0.78722, 0.614727, 0.69878, 0.46675, 0.54208, -0.71366, 0.403025, 0.57294),
      ["UpperTorso"] = CFrame.new(-0.00632, -0.061286, -0.008071, 0.747998, 0.244744, -0.616928, -0.170073, 0.969171, 0.178278, 0.641541, -0.028429, 0.766562),
      ["Head"] = CFrame.new(0, 0, 0, 0.79399, 0.588912, -0.150871, -0.528027, 0.791045, 0.308928, 0.301277, -0.165622, 0.939043),
      ["LeftUpperArm"] = CFrame.new(-0.033786, -0.210789, -0.00547, 0.910467, 0.348777, 0.22227, -0.413578, 0.765547, 0.49284, 0.001733, -0.540641, 0.84125),
      ["LeftLowerArm"] = CFrame.new(-0.000499, 0.102673, 0.111549, 1, 0, 0, 0, -0.12313, -0.992395, 0, 0.992392, -0.12313),
      ["LeftHand"] = CFrame.new(0.000496, 0.005831, 0, 0.838109, 0.470613, -0.275856, 0.048901, 0.438839, 0.897234, 0.543303, -0.765466, 0.34478),
      ["RightUpperArm"] = CFrame.new(0.706054, -0.001626, -0.341069, -0.68789, -0.599472, 0.409194, -0.228551, -0.356189, -0.906031, 0.688891, -0.716773, 0.108008),
      ["RightLowerArm"] = CFrame.new(0, 0.022988, 0.003629, 1, 0, 0, 0, 0.963412, -0.268027, 0, 0.268024, 0.963417),
      ["RightHand"] = CFrame.new(-0.000503, -0.004321, 0, 0.998568, 0.046596, -0.026269, -0.049642, 0.990185, -0.130646, 0.019923, 0.131764, 0.991076),
      ["LeftUpperLeg"] = CFrame.new(0, 0, -0.0001, 0.741819, -0.233364, 0.628681, 0.524937, 0.785467, -0.327824, -0.417307, 0.573218, 0.705186),
      ["LeftLowerLeg"] = CFrame.new(0, 0.072704, -0.018907, 1, 0, 0, 0, 0.806495, 0.591268, 0, -0.591261, 0.806507),
      ["LeftFoot"] = CFrame.new(0, 0.014573, -0.000003, 0.977433, 0.198242, 0.072971, -0.187737, 0.973556, -0.130165, -0.096842, 0.11352, 0.988772),
      ["RightUpperLeg"] = CFrame.new(0, 0, 0, 0.812599, -0.051536, 0.580539, 0.5828, 0.062859, -0.810177, 0.005262, 0.99669, 0.081124),
      ["RightLowerLeg"] = CFrame.new(0, 0.038984, -0.004834, 1, 0, 0, 0, 0.950835, 0.309706, 0, -0.30971, 0.950868),
      ["RightFoot"] = CFrame.new(0, 0.008459, -0.000103, 0.981433, 0.106572, 0.159472, -0.161275, 0.908574, 0.385339, -0.103823, -0.403884, 0.908862),
      ["Right Leg.001"] = CFrame.new(0, 0, 0, 1, 0, 0, 0, 1, 0, 0, 0, 1),
      ["Left Leg.001"] = CFrame.new(0, -0.0002, 0, 1, 0, 0, 0, 1, 0, 0, 0, 1),
      ["Right Arm.001"] = CFrame.new(0, 0, 0, 1, 0, 0, 0, 1, 0, 0, 0, 1),
      ["Left Arm.001"] = CFrame.new(0, 0.0001, -0.0005, 1, 0, 0, 0, 1, 0, 0, 0, 1),
      ["Torso"] = CFrame.new(0.663406, -0.723277, -1.468906, 0.56487, -0.300685, 0.768447, 0.234796, 0.951321, 0.199648, -0.791071, 0.067653, 0.607972),
      ["Head.001"] = CFrame.new(0, 0, 0, -0.79399, -0.150871, 0.588912, 0.528027, 0.308928, 0.791045, -0.301277, 0.939043, -0.165622),
      ["Left Arm"] = CFrame.new(0.846275, -0.188044, 0.144542, 0.432946, 0.901419, -0.001734, -0.820409, 0.394829, 0.413578, 0.373493, -0.177634, 0.910467),
      ["Right Arm"] = CFrame.new(0.14296, 0.236601, 0.912682, 0.296172, 0.661599, -0.688891, 0.777417, -0.585995, -0.228551, -0.5549, -0.467865, -0.68789),
      ["Left Leg"] = CFrame.new(0.482109, -0.367086, -0.095503, 0.503761, 0.527683, 0.683956, 0.258383, 0.663473, -0.702173, -0.824336, 0.530429, 0.197882),
      ["Right Leg"] = CFrame.new(0.450308, 0.744482, -0.465124, -0.168823, -0.903743, 0.39338, 0.607526, 0.218885, 0.763562, -0.776195, 0.36788, 0.512079),
    }},
    {Time = 0.100, Data = {
      ["LowerTorso"] = CFrame.new(0.070699, -0.976623, -0.982805, 0.0134, -0.786046, 0.618023, 0.694256, 0.452125, 0.559992, -0.719603, 0.421563, 0.551776),
      ["UpperTorso"] = CFrame.new(-0.007161, -0.061111, -0.008675, 0.735095, 0.260458, -0.625937, -0.18712, 0.965342, 0.181935, 0.65163, -0.016614, 0.758355),
      ["Head"] = CFrame.new(0, 0, 0, 0.791752, 0.590366, -0.156833, -0.526266, 0.789609, 0.315534, 0.310117, -0.167289, 0.935864),
      ["LeftUpperArm"] = CFrame.new(-0.034014, -0.211067, 0.003324, 0.910011, 0.36831, 0.190336, -0.414134, 0.786163, 0.458738, 0.019323, -0.496282, 0.867945),
      ["LeftLowerArm"] = CFrame.new(-0.000499, 0.102853, 0.109775, 1, 0, 0, 0, -0.105205, -0.994455, 0, 0.994451, -0.105206),
      ["LeftHand"] = CFrame.new(0.000496, 0.005758, 0, 0.83796, 0.470811, -0.275971, 0.069434, 0.409603, 0.909618, 0.541294, -0.781382, 0.310539),
      ["RightUpperArm"] = CFrame.new(0.709752, -0.006239, -0.338849, -0.695286, -0.585378, 0.417023, -0.219325, -0.379743, -0.898716, 0.684451, -0.716329, 0.135641),
      ["RightLowerArm"] = CFrame.new(0, 0.019108, 0.002757, 1, 0, 0, 0, 0.972125, -0.234467, 0, 0.234464, 0.97213),
      ["RightHand"] = CFrame.new(-0.000503, -0.004872, 0, 0.998783, 0.042993, -0.024157, -0.04611, 0.987866, -0.148303, 0.017488, 0.149237, 0.988642),
      ["LeftUpperLeg"] = CFrame.new(0, 0, -0.0001, 0.743877, -0.222841, 0.630066, 0.508492, 0.800502, -0.317203, -0.433685, 0.556357, 0.708799),
      ["LeftLowerLeg"] = CFrame.new(0, 0.070917, -0.017945, 1, 0, 0, 0, 0.816377, 0.577547, 0, -0.57754, 0.816389),
      ["LeftFoot"] = CFrame.new(0, 0.014083, -0.000003, 0.980994, 0.183934, 0.061791, -0.180801, 0.982091, -0.052987, -0.070428, 0.040802, 0.996649),
      ["RightUpperLeg"] = CFrame.new(0, 0, 0, 0.77296, -0.145912, 0.617446, 0.632942, 0.110195, -0.766313, 0.043777, 0.983141, 0.177532),
      ["RightLowerLeg"] = CFrame.new(0, 0.002534, -0.000008, 1, 0, 0, 0, 0.999829, 0.018416, 0, -0.018433, 0.999869),
      ["RightFoot"] = CFrame.new(0, 0.000698, -0.000103, 0.982968, 0.099715, 0.154372, -0.165834, 0.843307, 0.511211, -0.079208, -0.528072, 0.845456),
      ["Right Leg.001"] = CFrame.new(0, 0, 0, 1, 0, 0, 0, 1, 0, 0, 0, 1),
      ["Left Leg.001"] = CFrame.new(0, -0.0002, 0, 1, 0, 0, 0, 1, 0, 0, 0, 1),
      ["Right Arm.001"] = CFrame.new(0, 0, 0, 1, 0, 0, 0, 1, 0, 0, 0, 1),
      ["Left Arm.001"] = CFrame.new(0, 0.0001, -0.0005, 1, 0, 0, 0, 1, 0, 0, 0, 1),
      ["Torso"] = CFrame.new(0.660489, -0.71336, -1.468447, 0.559657, -0.317285, 0.765581, 0.248306, 0.945565, 0.210359, -0.79065, 0.07237, 0.607976),
      ["Head.001"] = CFrame.new(0, 0, 0, -0.791752, -0.156833, 0.590366, 0.526266, 0.315534, 0.789609, -0.310117, 0.935864, -0.167289),
      ["Left Arm"] = CFrame.new(0.835142, -0.215634, 0.173442, 0.402217, 0.915341, -0.019323, -0.830066, 0.373485, 0.414134, 0.386293, -0.150532, 0.910011),
      ["Right Arm"] = CFrame.new(0.139669, 0.253739, 0.906782, 0.299817, 0.664559, -0.684451, 0.784632, -0.579874, -0.219325, -0.542653, -0.471284, -0.695286),
      ["Left Leg"] = CFrame.new(0.505575, -0.382329, -0.133439, 0.478093, 0.527872, 0.701995, 0.281819, 0.664804, -0.691823, -0.831908, 0.52857, 0.169069),
      ["Right Leg"] = CFrame.new(0.532398, 0.619494, -0.32855, -0.375435, -0.864016, 0.335471, 0.580851, 0.062755, 0.811602, -0.722309, 0.499535, 0.47829),
    }},
    {Time = 0.133, Data = {
      ["LowerTorso"] = CFrame.new(0.071464, -0.969648, -0.986748, -0.025363, -0.782756, 0.621812, 0.689188, 0.436877, 0.578065, -0.724139, 0.443206, 0.528386),
      ["UpperTorso"] = CFrame.new(-0.008043, -0.060912, -0.00928, 0.720583, 0.276973, -0.635646, -0.204592, 0.960867, 0.186753, 0.662497, -0.004523, 0.749051),
      ["Head"] = CFrame.new(0, 0, 0, 0.789258, 0.591972, -0.163218, -0.524232, 0.787976, 0.322916, 0.319769, -0.1693, 0.932247),
      ["LeftUpperArm"] = CFrame.new(-0.034795, -0.212064, 0.013409, 0.908448, 0.388714, 0.1537, -0.416128, 0.806286, 0.420406, 0.039492, -0.445876, 0.894222),
      ["LeftLowerArm"] = CFrame.new(-0.000499, 0.103039, 0.107474, 1, 0, 0, 0, -0.081958, -0.99664, 0, 0.996637, -0.081959),
      ["LeftHand"] = CFrame.new(0.000496, 0.005663, 0, 0.838914, 0.469546, -0.275227, 0.090235, 0.378697, 0.921111, 0.536729, -0.797565, 0.275323),
      ["RightUpperArm"] = CFrame.new(0.713068, -0.011849, -0.337211, -0.70192, -0.571588, 0.424965, -0.208106, -0.406031, -0.889848, 0.681176, -0.71304, 0.16605),
      ["RightLowerArm"] = CFrame.new(0, 0.014948, 0.001963, 1, 0, 0, 0, 0.980053, -0.198736, 0, 0.198733, 0.980059),
      ["RightHand"] = CFrame.new(-0.000503, -0.005481, 0, 0.999068, 0.037686, -0.021049, -0.040672, 0.985194, -0.166549, 0.014461, 0.167251, 0.985804),
      ["LeftUpperLeg"] = CFrame.new(0, 0, -0.0001, 0.747435, -0.211038, 0.629919, 0.488759, 0.816895, -0.306242, -0.44995, 0.536788, 0.713732),
      ["LeftLowerLeg"] = CFrame.new(0, 0.068938, -0.016839, 1, 0, 0, 0, 0.827696, 0.561203, 0, -0.561197, 0.82771),
      ["LeftFoot"] = CFrame.new(0, 0.013665, -0.000003, 0.984184, 0.169734, 0.050724, -0.171511, 0.984629, 0.032999, -0.044341, -0.041179, 0.998134),
      ["RightUpperLeg"] = CFrame.new(0, 0, 0, 0.728131, -0.161655, 0.6661, 0.679307, 0.0405, -0.732732, 0.091475, 0.986016, 0.139305),
      ["RightLowerLeg"] = CFrame.new(0, -0.041028, -0.00054, 1, 0, 0, 0, 0.999998, -0.000007, 0, -0.00001, 1.000039),
      ["RightFoot"] = CFrame.new(0, -0.041174, -0.000103, 0.985001, 0.090059, 0.147181, -0.153848, 0.844618, 0.512792, -0.07813, -0.527713, 0.845781),
      ["Right Leg.001"] = CFrame.new(0, 0, 0, 1, 0, 0, 0, 1, 0, 0, 0, 1),
      ["Left Leg.001"] = CFrame.new(0, -0.0002, 0, 1, 0, 0, 0, 1, 0, 0, 0, 1),
      ["Right Arm.001"] = CFrame.new(0, 0, 0, 1, 0, 0, 0, 1, 0, 0, 0, 1),
      ["Left Arm.001"] = CFrame.new(0, 0.0001, -0.0005, 1, 0, 0, 0, 1, 0, 0, 0, 1),
      ["Torso"] = CFrame.new(0.656702, -0.701798, -1.467585, 0.553818, -0.335708, 0.761962, 0.262425, 0.938854, 0.222906, -0.790202, 0.076508, 0.608052),
      ["Head.001"] = CFrame.new(0, 0, 0, -0.789258, -0.163218, 0.591972, 0.524232, 0.322916, 0.787976, -0.319769, 0.932247, -0.1693),
      ["Left Arm"] = CFrame.new(0.820219, -0.243821, 0.204886, 0.371089, 0.927758, -0.039492, -0.838033, 0.35291, 0.416128, 0.400005, -0.121324, 0.908448),
      ["Right Arm"] = CFrame.new(0.138033, 0.271571, 0.900307, 0.304446, 0.665818, -0.681176, 0.791411, -0.574775, -0.208105, -0.530086, -0.475732, -0.70192),
      ["Left Leg"] = CFrame.new(0.529702, -0.395407, -0.175144, 0.450302, 0.526878, 0.720863, 0.304516, 0.668327, -0.678687, -0.839383, 0.525108, 0.140502),
      ["Right Leg"] = CFrame.new(0.547736, 0.642502, -0.357313, -0.455921, -0.848898, 0.267451, 0.520217, -0.010313, 0.853983, -0.722205, 0.528452, 0.4463),
    }},
    {Time = 0.167, Data = {
      ["LowerTorso"] = CFrame.new(0.071671, -0.962629, -0.99105, -0.064187, -0.776869, 0.626382, 0.684311, 0.422596, 0.594248, -0.726359, 0.466783, 0.504495),
      ["UpperTorso"] = CFrame.new(-0.008889, -0.060713, -0.0098, 0.705604, 0.292863, -0.645255, -0.22054, 0.956134, 0.192795, 0.673413, 0.006268, 0.73924),
      ["Head"] = CFrame.new(0, 0, 0, 0.786707, 0.59361, -0.169464, -0.52205, 0.786244, 0.330581, 0.329477, -0.171602, 0.928438),
      ["LeftUpperArm"] = CFrame.new(-0.03627, -0.213969, 0.024186, 0.905498, 0.408492, 0.114929, -0.419938, 0.823627, 0.381172, 0.061047, -0.393413, 0.917332),
      ["LeftLowerArm"] = CFrame.new(-0.000499, 0.103189, 0.104758, 1, 0, 0, 0, -0.054518, -0.998517, 0, 0.998514, -0.054518),
      ["LeftHand"] = CFrame.new(0.000496, 0.005552, 0, 0.841336, 0.46631, -0.273328, 0.109131, 0.348721, 0.930851, 0.529378, -0.812983, 0.242502),
      ["RightUpperArm"] = CFrame.new(0.715398, -0.018344, -0.336725, -0.70658, -0.560484, 0.431975, -0.195114, -0.432477, -0.88028, 0.680203, -0.706273, 0.19622),
      ["RightLowerArm"] = CFrame.new(0, 0.011112, 0.001357, 1, 0, 0, 0, 0.986118, -0.16605, 0, 0.166047, 0.986123),
      ["RightHand"] = CFrame.new(-0.000504, -0.006064, 0, 0.999397, 0.030394, -0.016783, -0.03295, 0.982646, -0.182539, 0.010943, 0.182983, 0.98305),
      ["LeftUpperLeg"] = CFrame.new(0, 0, -0.0001, 0.752169, -0.198555, 0.628342, 0.466683, 0.833703, -0.295184, -0.465242, 0.515278, 0.719756),
      ["LeftLowerLeg"] = CFrame.new(0, 0.066808, -0.015671, 1, 0, 0, 0, 0.839618, 0.543203, 0, -0.543197, 0.839633),
      ["LeftFoot"] = CFrame.new(0, 0.013264, -0.000003, 0.986801, 0.156759, 0.040634, -0.160579, 0.979656, 0.120366, -0.020937, -0.125302, 0.991865),
      ["RightUpperLeg"] = CFrame.new(0, 0, 0, 0.683224, -0.17526, 0.708861, 0.716593, -0.025661, -0.697016, 0.140352, 0.984187, 0.108061),
      ["RightLowerLeg"] = CFrame.new(0, -0.090736, -0.001199, 1, 0, 0, 0, 0.999998, -0.000007, 0, -0.00001, 1.000039),
      ["RightFoot"] = CFrame.new(0, -0.091052, -0.000103, 0.987742, 0.075736, 0.136493, -0.134487, 0.856807, 0.497794, -0.079246, -0.510017, 0.856465),
      ["Right Leg.001"] = CFrame.new(0, 0, 0, 1, 0, 0, 0, 1, 0, 0, 0, 1),
      ["Left Leg.001"] = CFrame.new(0, -0.0002, 0, 1, 0, 0, 0, 1, 0, 0, 0, 1),
      ["Right Arm.001"] = CFrame.new(0, 0, 0, 1, 0, 0, 0, 1, 0, 0, 0, 1),
      ["Left Arm.001"] = CFrame.new(0, 0.0001, -0.0005, 1, 0, 0, 0, 1, 0, 0, 0, 1),
      ["Torso"] = CFrame.new(0.652077, -0.689117, -1.466239, 0.547854, -0.354687, 0.757663, 0.275733, 0.931624, 0.236745, -0.789827, 0.079211, 0.608193),
      ["Head.001"] = CFrame.new(0, 0, 0, -0.786707, -0.169464, 0.59361, 0.52205, 0.330581, 0.786244, -0.329477, 0.928438, -0.171602),
      ["Left Arm"] = CFrame.new(0.802618, -0.26971, 0.236571, 0.342819, 0.937416, -0.061047, -0.843186, 0.335703, 0.419937, 0.414152, -0.092488, 0.905498),
      ["Right Arm"] = CFrame.new(0.138826, 0.287151, 0.894175, 0.310774, 0.663887, -0.680202, 0.796252, -0.572641, -0.195114, -0.519049, -0.480975, -0.70658),
      ["Left Leg"] = CFrame.new(0.552429, -0.405042, -0.217219, 0.42236, 0.524475, 0.739292, 0.324492, 0.674075, -0.663577, -0.846394, 0.520143, 0.114511),
      ["Right Leg"] = CFrame.new(0.561339, 0.674588, -0.400521, -0.51192, -0.835695, 0.198945, 0.458182, -0.069689, 0.88613, -0.726689, 0.544751, 0.418563),
    }},
    {Time = 0.200, Data = {
      ["LowerTorso"] = CFrame.new(0.071197, -0.956124, -0.995449, -0.099956, -0.76816, 0.632407, 0.680641, 0.410823, 0.606591, -0.725766, 0.491074, 0.481778),
      ["UpperTorso"] = CFrame.new(-0.009633, -0.060544, -0.010138, 0.69145, 0.3069, -0.653995, -0.233074, 0.951638, 0.200153, 0.683794, 0.014034, 0.72954),
      ["Head"] = CFrame.new(0, 0, 0, 0.78432, 0.595157, -0.175016, -0.519871, 0.784513, 0.338044, 0.338491, -0.174149, 0.924714),
      ["LeftUpperArm"] = CFrame.new(-0.038458, -0.216814, 0.034959, 0.901121, 0.426664, 0.077059, -0.425627, 0.83668, 0.344686, 0.082592, -0.343402, 0.935549),
      ["LeftLowerArm"] = CFrame.new(-0.000499, 0.103263, 0.101835, 1, 0, 0, 0, -0.024996, -0.999692, 0, 0.999689, -0.024996),
      ["LeftHand"] = CFrame.new(0.000496, 0.005431, 0, 0.845327, 0.460907, -0.27016, 0.124567, 0.321703, 0.938611, 0.519521, -0.827082, 0.21453),
      ["RightUpperArm"] = CFrame.new(0.716132, -0.025645, -0.337976, -0.708046, -0.554502, 0.437262, -0.180514, -0.456512, -0.871212, 0.682705, -0.695791, 0.223136),
      ["RightLowerArm"] = CFrame.new(0, 0.008247, 0.00098, 1, 0, 0, 0, 0.98989, -0.141838, 0, 0.141836, 0.989896),
      ["RightHand"] = CFrame.new(-0.000504, -0.006514, 0, 0.999721, 0.020821, -0.011185, -0.022592, 0.980864, -0.19338, 0.006944, 0.193579, 0.981055),
      ["LeftUpperLeg"] = CFrame.new(0, 0, -0.0001, 0.757338, -0.18618, 0.625917, 0.443339, 0.850342, -0.283471, -0.479468, 0.49219, 0.726545),
      ["LeftLowerLeg"] = CFrame.new(0, 0.064578, -0.014503, 1, 0, 0, 0, 0.851534, 0.524324, 0, -0.524319, 0.851551),
      ["LeftFoot"] = CFrame.new(0, 0.012848, -0.000003, 0.988788, 0.145824, 0.032147, -0.149313, 0.96805, 0.201457, -0.001743, -0.203995, 0.978937),
      ["RightUpperLeg"] = CFrame.new(0, 0, 0, 0.643988, -0.190002, 0.741062, 0.743107, -0.074904, -0.664964, 0.181856, 0.978922, 0.092958),
      ["RightLowerLeg"] = CFrame.new(0, -0.1414, -0.001871, 1, 0, 0, 0, 0.999998, -0.000007, 0, -0.00001, 1.000039),
      ["RightFoot"] = CFrame.new(0, -0.141886, -0.000103, 0.990924, 0.056395, 0.122018, -0.108334, 0.872455, 0.476539, -0.07958, -0.485402, 0.870622),
      ["Right Leg.001"] = CFrame.new(0, 0, 0, 1, 0, 0, 0, 1, 0, 0, 0, 1),
      ["Left Leg.001"] = CFrame.new(0, -0.0002, 0, 1, 0, 0, 0, 1, 0, 0, 0, 1),
      ["Right Arm.001"] = CFrame.new(0, 0, 0, 1, 0, 0, 0, 1, 0, 0, 0, 1),
      ["Left Arm.001"] = CFrame.new(0, 0.0001, -0.0005, 1, 0, 0, 0, 1, 0, 0, 0, 1),
      ["Torso"] = CFrame.new(0.646695, -0.675834, -1.46436, 0.54236, -0.372988, 0.752812, 0.286851, 0.924413, 0.251348, -0.78966, 0.079624, 0.608356),
      ["Head.001"] = CFrame.new(0, 0, 0, -0.78432, -0.175016, 0.595157, 0.519871, 0.338044, 0.784513, -0.338491, 0.924714, -0.174149),
      ["Left Arm"] = CFrame.new(0.784262, -0.291087, 0.266438, 0.319911, 0.943841, -0.082592, -0.845038, 0.323665, 0.425627, 0.428459, -0.06637, 0.901121),
      ["Right Arm"] = CFrame.new(0.142495, 0.297427, 0.8893, 0.319571, 0.657108, -0.682704, 0.797658, -0.575466, -0.180513, -0.511493, -0.486876, -0.708046),
      ["Left Leg"] = CFrame.new(0.572259, -0.410874, -0.256722, 0.395817, 0.52084, 0.756351, 0.340499, 0.681679, -0.647596, -0.85291, 0.513847, 0.092473),
      ["Right Leg"] = CFrame.new(0.579253, 0.70429, -0.443257, -0.549957, -0.823436, 0.139759, 0.404083, -0.11585, 0.907361, -0.730982, 0.555453, 0.396438),
    }},
    {Time = 0.233, Data = {
      ["LowerTorso"] = CFrame.new(0.069979, -0.950666, -0.999687, -0.129633, -0.756611, 0.640886, 0.679402, 0.402999, 0.613193, -0.722225, 0.514909, 0.461801),
      ["UpperTorso"] = CFrame.new(-0.010222, -0.060438, -0.01019, 0.679527, 0.318047, -0.661127, -0.240367, 0.947924, 0.208959, 0.693157, 0.01692, 0.720588),
      ["Head"] = CFrame.new(0, 0, 0, 0.782336, 0.596484, -0.179327, -0.517863, 0.782888, 0.344825, 0.346076, -0.176902, 0.921378),
      ["LeftUpperArm"] = CFrame.new(-0.0412, -0.220416, 0.044873, 0.895637, 0.442641, 0.043629, -0.432832, 0.844778, 0.314652, 0.102421, -0.300698, 0.948203),
      ["LeftLowerArm"] = CFrame.new(-0.000499, 0.103228, 0.099012, 1, 0, 0, 0, 0.003538, -0.999998, 0, 0.999995, 0.003539),
      ["LeftHand"] = CFrame.new(0.000496, 0.005266, 0, 0.850621, 0.453601, -0.265877, 0.135769, 0.299035, 0.944534, 0.507946, -0.839534, 0.19278),
      ["RightUpperArm"] = CFrame.new(0.714615, -0.0337, -0.341561, -0.705013, -0.556168, 0.440039, -0.164403, -0.475406, -0.864268, 0.689876, -0.681664, 0.243731),
      ["RightLowerArm"] = CFrame.new(0, 0.007084, 0.000844, 1, 0, 0, 0, 0.991242, -0.132063, 0, 0.132061, 0.991247),
      ["RightHand"] = CFrame.new(-0.000504, -0.006702, 0, 0.999955, 0.008621, -0.004054, -0.009248, 0.980576, -0.19592, 0.002286, 0.195949, 0.980607),
      ["LeftUpperLeg"] = CFrame.new(0, 0, -0.0001, 0.761924, -0.174922, 0.623594, 0.419852, 0.866523, -0.269904, -0.493148, 0.467478, 0.733675),
      ["LeftLowerLeg"] = CFrame.new(0, 0.062309, -0.013371, 1, 0, 0, 0, 0.863068, 0.505112, 0, -0.505108, 0.863086),
      ["LeftFoot"] = CFrame.new(0, 0.012429, -0.000003, 0.990149, 0.13762, 0.025791, -0.139461, 0.953001, 0.268961, 0.012435, -0.269903, 0.962773),
      ["RightUpperLeg"] = CFrame.new(0, 0, 0, 0.615971, -0.202328, 0.761339, 0.759488, -0.104102, -0.642135, 0.209182, 0.973768, 0.089544),
      ["RightLowerLeg"] = CFrame.new(0, -0.186225, -0.002466, 1, 0, 0, 0, 0.999998, -0.000007, 0, -0.00001, 1.000039),
      ["RightFoot"] = CFrame.new(0, -0.186859, -0.000104, 0.993877, 0.033935, 0.10515, -0.078346, 0.887509, 0.454085, -0.07791, -0.459513, 0.884708),
      ["Right Leg.001"] = CFrame.new(0, 0, 0, 1, 0, 0, 0, 1, 0, 0, 0, 1),
      ["Left Leg.001"] = CFrame.new(0, -0.0002, 0, 1, 0, 0, 0, 1, 0, 0, 0, 1),
      ["Right Arm.001"] = CFrame.new(0, 0, 0, 1, 0, 0, 0, 1, 0, 0, 0, 1),
      ["Left Arm.001"] = CFrame.new(0, 0.0001, -0.0005, 1, 0, 0, 0, 1, 0, 0, 0, 1),
      ["Torso"] = CFrame.new(0.6407, -0.662443, -1.461935, 0.53801, -0.389418, 0.747596, 0.294438, 0.917845, 0.266207, -0.789843, 0.076899, 0.608469),
      ["Head.001"] = CFrame.new(0, 0, 0, -0.782336, -0.179327, 0.596484, 0.517863, 0.344825, 0.782888, -0.346076, 0.921378, -0.176902),
      ["Left Arm"] = CFrame.new(0.767636, -0.306532, 0.292569, 0.304053, 0.947134, -0.102421, -0.843664, 0.31764, 0.432832, 0.442485, -0.045195, 0.895637),
      ["Right Arm"] = CFrame.new(0.149144, 0.299043, 0.886638, 0.33162, 0.643507, -0.689876, 0.793919, -0.585379, -0.164403, -0.509636, -0.493185, -0.705013),
      ["Left Leg"] = CFrame.new(0.588155, -0.413144, -0.291244, 0.371813, 0.516508, 0.771354, 0.351865, 0.690515, -0.631972, -0.859076, 0.506368, 0.075),
      ["Right Leg"] = CFrame.new(0.600076, 0.728418, -0.480669, -0.573025, -0.813702, 0.097799, 0.365051, -0.146551, 0.919384, -0.733791, 0.562501, 0.381009),
    }},
    {Time = 0.267, Data = {
      ["LowerTorso"] = CFrame.new(0.067962, -0.946743, -1.00356, -0.150267, -0.742299, 0.653002, 0.681906, 0.400424, 0.612099, -0.715838, 0.537265, 0.446008),
      ["UpperTorso"] = CFrame.new(-0.010609, -0.060429, -0.009847, 0.671306, 0.325395, -0.665932, -0.240655, 0.945489, 0.219398, 0.701023, 0.012977, 0.713021),
      ["Head"] = CFrame.new(0, 0, 0, 0.781006, 0.597459, -0.181859, -0.516215, 0.781476, 0.350453, 0.3515, -0.179828, 0.918754),
      ["LeftUpperArm"] = CFrame.new(-0.04412, -0.224358, 0.052881, 0.889799, 0.455974, 0.018606, -0.440716, 0.848015, 0.294348, 0.118436, -0.27011, 0.955516),
      ["LeftLowerArm"] = CFrame.new(-0.000499, 0.103137, 0.096628, 1, 0, 0, 0, 0.027633, -0.999623, 0, 0.999619, 0.027634),
      ["LeftHand"] = CFrame.new(0.000496, 0.005156, 0, 0.856547, 0.445222, -0.26097, 0.142675, 0.281682, 0.948841, 0.495953, -0.849956, 0.177752),
      ["RightUpperArm"] = CFrame.new(0.710097, -0.042496, -0.348071, -0.695977, -0.56742, 0.440057, -0.146811, -0.487451, -0.860719, 0.702896, -0.663646, 0.255951),
      ["RightLowerArm"] = CFrame.new(0, 0.008071, 0.000959, 1, 0, 0, 0, 0.9901, -0.140364, 0, 0.140361, 0.990106),
      ["RightHand"] = CFrame.new(-0.000504, -0.006542, 0, 0.999966, -0.006642, 0.004864, 0.007438, 0.982127, -0.188071, -0.003527, 0.188101, 0.982139),
      ["LeftUpperLeg"] = CFrame.new(0, 0, -0.0001, 0.764807, -0.165888, 0.622533, 0.397307, 0.882105, -0.253033, -0.507166, 0.440872, 0.740556),
      ["LeftLowerLeg"] = CFrame.new(0, 0.060069, -0.012308, 1, 0, 0, 0, 0.8739, 0.486129, 0, -0.486126, 0.873919),
      ["LeftFoot"] = CFrame.new(0, 0.01202, -0.000003, 0.990889, 0.132855, 0.022104, -0.132994, 0.939337, 0.316163, 0.02124, -0.316214, 0.948415),
      ["RightUpperLeg"] = CFrame.new(0, 0, 0, 0.604026, -0.208437, 0.769221, 0.766705, -0.111457, -0.632248, 0.217522, 0.971664, 0.09249),
      ["RightLowerLeg"] = CFrame.new(0, -0.218088, -0.002889, 1, 0, 0, 0, 0.999998, -0.000007, 0, -0.00001, 1.000039),
      ["RightFoot"] = CFrame.new(0, -0.218824, -0.000104, 0.996005, 0.011857, 0.088507, -0.04948, 0.898375, 0.436438, -0.074335, -0.439044, 0.895346),
      ["Right Leg.001"] = CFrame.new(0, 0, 0, 1, 0, 0, 0, 1, 0, 0, 0, 1),
      ["Left Leg.001"] = CFrame.new(0, -0.0002, 0, 1, 0, 0, 0, 1, 0, 0, 0, 1),
      ["Right Arm.001"] = CFrame.new(0, 0, 0, 1, 0, 0, 0, 1, 0, 0, 0, 1),
      ["Left Arm.001"] = CFrame.new(0, 0.0001, -0.0005, 1, 0, 0, 0, 1, 0, 0, 0, 1),
      ["Torso"] = CFrame.new(0.634292, -0.649417, -1.458975, 0.535532, -0.402813, 0.742258, 0.297181, 0.912587, 0.280835, -0.790499, 0.070188, 0.608428),
      ["Head.001"] = CFrame.new(0, 0, 0, -0.781006, -0.181859, 0.597459, 0.516215, 0.350453, 0.781476, -0.3515, 0.918755, -0.179828),
      ["Left Arm"] = CFrame.new(0.755249, -0.315274, 0.312902, 0.296412, 0.947688, -0.118436, -0.839561, 0.317669, 0.440716, 0.455287, -0.031199, 0.889799),
      ["Right Arm"] = CFrame.new(0.158862, 0.289953, 0.886538, 0.346571, 0.621151, -0.702896, 0.783782, -0.603437, -0.14681, -0.515348, -0.500036, -0.695978),
      ["Left Leg"] = CFrame.new(0.599317, -0.412379, -0.31861, 0.351245, 0.512207, 0.783761, 0.358333, 0.699832, -0.617933, -0.865038, 0.497874, 0.062271),
      ["Right Leg"] = CFrame.new(0.621445, 0.743349, -0.50788, -0.585044, -0.807173, 0.078929, 0.346295, -0.160593, 0.924281, -0.733398, 0.568047, 0.373463),
    }},
    {Time = 0.300, Data = {
      ["LowerTorso"] = CFrame.new(0.065041, -0.944772, -1.006952, -0.158951, -0.72523, 0.669907, 0.689387, 0.404192, 0.601144, -0.70674, 0.557378, 0.435717),
      ["UpperTorso"] = CFrame.new(-0.010748, -0.060537, -0.008995, 0.668252, 0.328058, -0.667695, -0.232229, 0.944658, 0.231715, 0.706759, 0.000215, 0.707454),
      ["Head"] = CFrame.new(0, 0, 0, 0.780581, 0.597948, -0.182076, -0.515122, 0.78039, 0.35446, 0.354039, -0.182893, 0.917173),
      ["LeftUpperArm"] = CFrame.new(-0.046642, -0.228046, 0.05774, 0.884754, 0.466013, 0.006456, -0.448092, 0.846757, 0.286734, 0.128155, -0.256582, 0.957988),
      ["LeftLowerArm"] = CFrame.new(-0.0005, 0.103046, 0.095059, 1, 0, 0, 0, 0.043485, -0.999059, 0, 0.999055, 0.043485),
      ["LeftHand"] = CFrame.new(0.000497, 0.005083, 0, 0.862127, 0.437129, -0.256233, 0.145723, 0.270428, 0.951648, 0.485284, -0.857776, 0.169443),
      ["RightUpperArm"] = CFrame.new(0.701656, -0.052056, -0.358053, -0.679094, -0.589733, 0.437087, -0.127691, -0.491462, -0.861487, 0.72286, -0.640843, 0.258445),
      ["RightLowerArm"] = CFrame.new(0, 0.011441, 0.001404, 1, 0, 0, 0, 0.985644, -0.168839, 0, 0.168837, 0.985649),
      ["RightHand"] = CFrame.new(-0.000504, -0.006012, 0, 0.999547, -0.025548, 0.015907, 0.027864, 0.985332, -0.168357, -0.011372, 0.168724, 0.985593),
      ["LeftUpperLeg"] = CFrame.new(0, 0, -0.0001, 0.764994, -0.1602, 0.623791, 0.376638, 0.896956, -0.231523, -0.522425, 0.412071, 0.74651),
      ["LeftLowerLeg"] = CFrame.new(0, 0.057933, -0.011342, 1, 0, 0, 0, 0.883731, 0.468018, 0, -0.468015, 0.883751),
      ["LeftFoot"] = CFrame.new(0, 0.011632, -0.000003, 0.990972, 0.132307, 0.02168, -0.131838, 0.932266, 0.336896, 0.024362, -0.336704, 0.94126),
      ["RightUpperLeg"] = CFrame.new(0, 0, 0, 0.611999, -0.204573, 0.763938, 0.76439, -0.094805, -0.637743, 0.202893, 0.974249, 0.098355),
      ["RightLowerLeg"] = CFrame.new(0, -0.230258, -0.00305, 1, 0, 0, 0, 0.999998, -0.000007, 0, -0.00001, 1.000039),
      ["RightFoot"] = CFrame.new(0, -0.231034, -0.000104, 0.997182, -0.006328, 0.074752, -0.026475, 0.902655, 0.429555, -0.070191, -0.430294, 0.899917),
      ["Right Leg.001"] = CFrame.new(0, 0, 0, 1, 0, 0, 0, 1, 0, 0, 0, 1),
      ["Left Leg.001"] = CFrame.new(0, -0.0002, 0, 1, 0, 0, 0, 1, 0, 0, 0, 1),
      ["Right Arm.001"] = CFrame.new(0, 0, 0, 1, 0, 0, 0, 1, 0, 0, 0, 1),
      ["Left Arm.001"] = CFrame.new(0, 0.0001, -0.0005, 1, 0, 0, 0, 1, 0, 0, 0, 1),
      ["Torso"] = CFrame.new(0.627723, -0.637202, -1.455514, 0.535664, -0.412013, 0.737095, 0.293772, 0.909289, 0.294773, -0.791683, 0.058639, 0.608111),
      ["Head.001"] = CFrame.new(0, 0, 0, -0.780581, -0.182076, 0.597948, 0.515122, 0.35446, 0.78039, -0.354038, 0.917173, -0.182894),
      ["Left Arm"] = CFrame.new(0.749588, -0.316824, 0.325015, 0.297998, 0.945925, -0.128155, -0.833492, 0.323284, 0.448091, 0.465293, -0.026714, 0.884754),
      ["Right Arm"] = CFrame.new(0.171886, 0.268943, 0.888915, 0.362935, 0.588008, -0.72286, 0.766145, -0.629857, -0.127691, -0.530385, -0.507471, -0.679094),
      ["Left Leg"] = CFrame.new(0.604982, -0.409043, -0.336626, 0.335003, 0.508696, 0.793102, 0.359711, 0.708943, -0.606644, -0.870889, 0.488497, 0.054514),
      ["Right Leg"] = CFrame.new(0.640732, 0.745399, -0.520439, -0.5883, -0.803866, 0.087971, 0.351824, -0.156457, 0.922901, -0.728144, 0.573862, 0.374852),
    }},
    {Time = 0.333, Data = {
      ["LowerTorso"] = CFrame.new(0.059814, -0.94637, -1.01014, -0.148919, -0.700808, 0.697632, 0.705324, 0.419192, 0.571661, -0.693067, 0.577188, 0.431871),
      ["UpperTorso"] = CFrame.new(-0.010565, -0.060804, -0.007236, 0.677475, 0.323569, -0.660553, -0.210132, 0.945758, 0.247761, 0.704892, -0.029048, 0.70872),
      ["Head"] = CFrame.new(0, 0, 0, 0.78271, 0.595245, -0.181793, -0.511598, 0.78167, 0.356734, 0.354446, -0.186215, 0.916347),
      ["LeftUpperArm"] = CFrame.new(-0.049186, -0.231947, 0.061391, 0.879666, 0.475591, 0.001021, -0.455894, 0.842619, 0.286627, 0.135457, -0.252601, 0.958041),
      ["LeftLowerArm"] = CFrame.new(-0.000499, 0.102946, 0.093693, 1, 0, 0, 0, 0.057282, -0.998363, 0, 0.998359, 0.057282),
      ["LeftHand"] = CFrame.new(0.000497, 0.00502, 0, 0.868525, 0.427594, -0.250655, 0.145449, 0.263571, 0.953611, 0.473821, -0.864689, 0.166725),
      ["RightUpperArm"] = CFrame.new(0.689919, -0.062656, -0.370396, -0.65562, -0.61878, 0.432752, -0.106491, -0.491614, -0.864277, 0.747544, -0.612721, 0.256417),
      ["RightLowerArm"] = CFrame.new(0, 0.016426, 0.002229, 1, 0, 0, 0, 0.9774, -0.211402, 0, 0.211399, 0.977405),
      ["RightHand"] = CFrame.new(-0.000503, -0.005263, 0, 0.99845, -0.047621, 0.028797, 0.05117, 0.989019, -0.138649, -0.021878, 0.139909, 0.989918),
      ["LeftUpperLeg"] = CFrame.new(0, 0, -0.0001, 0.755256, -0.154653, 0.636919, 0.357323, 0.911803, -0.202296, -0.549462, 0.380385, 0.743912),
      ["LeftLowerLeg"] = CFrame.new(0, 0.05711, -0.010983, 1, 0, 0, 0, 0.88739, 0.461042, 0, -0.461039, 0.88741),
      ["LeftFoot"] = CFrame.new(0, 0.011484, -0.000003, 0.99004, 0.138303, 0.026321, -0.139059, 0.9315, 0.336111, 0.021967, -0.336415, 0.941422),
      ["RightUpperLeg"] = CFrame.new(0, 0, 0, 0.636123, -0.182263, 0.749748, 0.756324, -0.045024, -0.652643, 0.152713, 0.982218, 0.109211),
      ["RightLowerLeg"] = CFrame.new(0, -0.218228, -0.002891, 1, 0, 0, 0, 0.999998, -0.000007, 0, -0.000011, 1.000039),
      ["RightFoot"] = CFrame.new(0, -0.218965, -0.000104, 0.997792, -0.022491, 0.062492, -0.005345, 0.910693, 0.413055, -0.066199, -0.412448, 0.908534),
      ["Right Leg.001"] = CFrame.new(0, 0, 0, 1, 0, 0, 0, 1, 0, 0, 0, 1),
      ["Left Leg.001"] = CFrame.new(0, -0.0002, 0, 1, 0, 0, 0, 1, 0, 0, 0, 1),
      ["Right Arm.001"] = CFrame.new(0, 0, 0, 1, 0, 0, 0, 1, 0, 0, 0, 1),
      ["Left Arm.001"] = CFrame.new(0, 0.0001, -0.0005, 1, 0, 0, 0, 1, 0, 0, 0, 1),
      ["Torso"] = CFrame.new(0.620119, -0.624714, -1.450929, 0.538129, -0.419162, 0.731246, 0.286399, 0.906888, 0.30908, -0.792712, 0.043103, 0.60807),
      ["Head.001"] = CFrame.new(0, 0, 0, -0.78271, -0.181793, 0.595245, 0.511598, 0.356734, 0.78167, -0.354446, 0.916347, -0.186215),
      ["Left Arm"] = CFrame.new(0.747644, -0.313438, 0.333395, 0.307066, 0.941999, -0.135457, -0.824821, 0.334423, 0.455894, 0.474754, -0.028261, 0.879666),
      ["Right Arm"] = CFrame.new(0.187064, 0.239759, 0.892553, 0.380154, 0.544667, -0.747544, 0.74082, -0.663211, -0.106491, -0.553785, -0.513312, -0.65562),
      ["Left Leg"] = CFrame.new(0.600932, -0.404385, -0.331909, 0.325579, 0.504354, 0.799771, 0.363338, 0.714182, -0.59828, -0.872955, 0.485356, 0.049271),
      ["Right Leg"] = CFrame.new(0.652656, 0.731992, -0.516192, -0.579576, -0.805362, 0.124576, 0.377833, -0.130084, 0.916694, -0.722083, 0.578331, 0.379675),
    }},
    {Time = 0.367, Data = {
      ["LowerTorso"] = CFrame.new(0.051245, -0.951325, -1.013527, -0.117186, -0.665279, 0.737341, 0.730043, 0.445641, 0.518114, -0.673279, 0.599006, 0.433459),
      ["UpperTorso"] = CFrame.new(-0.010028, -0.061162, -0.004448, 0.702526, 0.310522, -0.640339, -0.17384, 0.947405, 0.268706, 0.690099, -0.077457, 0.719558),
      ["Head"] = CFrame.new(0, 0, 0, 0.788263, 0.587531, -0.182893, -0.503282, 0.786592, 0.357744, 0.354048, -0.18995, 0.915734),
      ["LeftUpperArm"] = CFrame.new(-0.052566, -0.236808, 0.066522, 0.872908, 0.487844, -0.006365, -0.465616, 0.83689, 0.287781, 0.145719, -0.248242, 0.957674),
      ["LeftLowerArm"] = CFrame.new(-0.000499, 0.102772, 0.091767, 1, 0, 0, 0, 0.076734, -0.997056, 0, 0.997052, 0.076734),
      ["LeftHand"] = CFrame.new(0.000497, 0.00493, 0, 0.877317, 0.414012, -0.242712, 0.142031, 0.259096, 0.955351, 0.458411, -0.872614, 0.168507),
      ["RightUpperArm"] = CFrame.new(0.676115, -0.074576, -0.383524, -0.628013, -0.648647, 0.429949, -0.08265, -0.493771, -0.865655, 0.773801, -0.579178, 0.256484),
      ["RightLowerArm"] = CFrame.new(0, 0.021765, 0.00334, 1, 0, 0, 0, 0.966299, -0.257425, 0, 0.257422, 0.966304),
      ["RightHand"] = CFrame.new(-0.000503, -0.004493, 0, 0.996484, -0.071919, 0.042987, 0.076037, 0.991729, -0.103405, -0.035194, 0.106311, 0.993705),
      ["LeftUpperLeg"] = CFrame.new(0, 0, -0.0001, 0.730414, -0.145667, 0.667287, 0.336702, 0.926819, -0.166215, -0.594245, 0.346097, 0.726014),
      ["LeftLowerLeg"] = CFrame.new(0, 0.058353, -0.011529, 1, 0, 0, 0, 0.881831, 0.471587, 0, -0.471585, 0.881851),
      ["LeftFoot"] = CFrame.new(0, 0.011708, -0.000003, 0.987709, 0.151896, 0.036858, -0.155592, 0.933043, 0.324379, 0.014882, -0.326118, 0.945177),
      ["RightUpperLeg"] = CFrame.new(0, 0, 0, 0.666228, -0.137502, 0.732958, 0.743225, 0.041653, -0.667741, 0.061289, 0.989625, 0.129948),
      ["RightLowerLeg"] = CFrame.new(0, -0.185338, -0.002454, 1, 0, 0, 0, 0.999998, -0.000007, 0, -0.00001, 1.000039),
      ["RightFoot"] = CFrame.new(0, -0.185968, -0.000103, 0.997987, -0.040575, 0.048736, 0.019773, 0.929321, 0.368748, -0.060252, -0.367015, 0.928224),
      ["Right Leg.001"] = CFrame.new(0, 0, 0, 1, 0, 0, 0, 1, 0, 0, 0, 1),
      ["Left Leg.001"] = CFrame.new(0, -0.0002, 0, 1, 0, 0, 0, 1, 0, 0, 0, 1),
      ["Right Arm.001"] = CFrame.new(0, 0, 0, 1, 0, 0, 0, 1, 0, 0, 0, 1),
      ["Left Arm.001"] = CFrame.new(0, 0.0001, -0.0005, 1, 0, 0, 0, 1, 0, 0, 0, 1),
      ["Torso"] = CFrame.new(0.610555, -0.610822, -1.444691, 0.542164, -0.426834, 0.72379, 0.277998, 0.903982, 0.324859, -0.792954, 0.025085, 0.608765),
