return {
  ["Bio duo pose  Standing anim"] = {
    {Time = 0.000, Data = {
      ["FK_Foot.L"] = CFrame.new(-0.000000, -0.000000, -0.000000, 1.000000, -0.000000, -0.000000, -0.000000, 0.999847, -0.017521, 0.000000, 0.017521, 0.999846),
      ["FK_Foot.R"] = CFrame.new(0.000000, -0.000000, -0.000000, 1.000000, -0.000000, -0.000000, 0.000000, 0.999847, -0.017521, -0.000000, 0.017521, 0.999846),
      ["FK_Hand.L"] = CFrame.new(0.000000, -0.000000, 0.000000, 1.000000, -0.000000, 0.000011, -0.000000, 0.999939, 0.011080, -0.000011, -0.011080, 0.999939),
      ["FK_Hand.R"] = CFrame.new(-0.000000, -0.000001, 0.000000, 0.999968, -0.007999, -0.000011, 0.007999, 0.999907, 0.011080, -0.000077, -0.011079, 0.999939),
      ["FK_LowerArm.L"] = CFrame.new(-0.000500, 0.000000, 0.000000, 1.000000, -0.000000, 0.000000, -0.000000, 0.999772, -0.021364, -0.000000, 0.021364, 0.999772),
      ["FK_LowerArm.R"] = CFrame.new(0.999500, -0.000000, 0.000000, 1.000000, -0.000000, -0.000000, 0.000000, 0.999772, -0.021364, 0.000000, 0.021364, 0.999772),
      ["FK_LowerLeg.L"] = CFrame.new(0.000000, 0.000000, -0.000000, 1.000000, -0.000000, -0.000000, 0.000000, 0.999632, 0.027116, 0.000000, -0.027116, 0.999632),
      ["FK_LowerLeg.R"] = CFrame.new(0.000000, -0.000000, 0.000000, 1.000000, -0.000000, 0.000000, -0.000000, 0.999632, 0.027116, -0.000000, -0.027116, 0.999632),
      ["FK_UpperArm.L"] = CFrame.new(0.000500, -0.000000, -0.000000, 1.000000, 0.000000, -0.000001, 0.000000, 0.999917, 0.012867, 0.000001, -0.012867, 0.999917),
      ["FK_UpperArm.R"] = CFrame.new(1.999500, -0.000000, -0.000000, 1.000000, 0.000000, 0.000001, 0.000000, 0.999917, 0.012867, -0.000001, -0.012867, 0.999917),
      ["FK_UpperLeg.L"] = CFrame.new(0.000000, 0.000000, -0.000000, 1.000000, -0.000000, -0.000000, 0.000000, 0.999931, -0.011784, 0.000000, 0.011784, 0.999931),
      ["FK_UpperLeg.R"] = CFrame.new(1.000000, 0.000000, -0.000000, 1.000000, -0.000000, 0.000000, 0.000000, 0.999931, -0.011784, -0.000000, 0.011784, 0.999931),
      ["Head"] = CFrame.new(0.123723, 0.030762, 0.011460, 0.047426, -0.252613, 0.966404, 0.175576, 0.954538, 0.240895, -0.983323, 0.158252, 0.089623),
      ["HEAD"] = CFrame.new(0.620601, 3.792733, 0.319086, 0.521570, 0.009393, 0.853157, 0.004420, 0.999896, -0.013710, -0.853197, 0.010921, 0.521474),
      ["IK_Hand.L"] = CFrame.new(0.228088, 4.874960, 0.730184, -0.587494, -0.808911, -0.022693, 0.809167, -0.587565, -0.004094, -0.010022, -0.020768, 0.999734),
      ["IK_Hand.R"] = CFrame.new(1.021619, 4.552475, 0.886498, -0.449572, 0.892236, 0.042419, -0.860804, -0.420075, -0.287321, -0.238539, -0.165686, 0.956895),
      ["IK_LEG.L"] = CFrame.new(-0.443399, 0.336879, 0.145439, 0.991667, -0.001134, -0.128824, 0.000543, 0.999989, -0.004619, 0.128828, 0.004511, 0.991657),
      ["IK_LEG.R"] = CFrame.new(1.032273, 0.206297, -0.323477, 0.829151, 0.003116, -0.559016, 0.053794, 0.994899, 0.085335, 0.556431, -0.100827, 0.824754),
      ["IK_SuperArm.L"] = CFrame.new(0.002598, 0.201472, 0.428754, 1.000000, -0.000000, -0.000001, 0.000000, 0.999917, 0.012867, 0.000001, -0.012867, 0.999917),
      ["IK_SuperArm.R"] = CFrame.new(2.277627, 0.025406, -0.105183, 1.000000, -0.000000, 0.000001, 0.000000, 0.999917, 0.012867, -0.000001, -0.012867, 0.999917),
      ["IK_SuperLeg.L"] = CFrame.new(-0.000000, 0.000000, -0.000000, 1.000000, -0.000000, -0.000000, 0.000000, 0.999931, -0.011784, 0.000000, 0.011784, 0.999931),
      ["IK_SuperLeg.R"] = CFrame.new(1.049674, -0.149553, -0.041673, 1.000000, -0.000000, 0.000000, 0.000000, 0.999931, -0.011784, -0.000000, 0.011784, 0.999931),
      ["LeftFoot"] = CFrame.new(0.000000, 0.000197, 0.000000, 1.040979, 0.049467, 0.047694, -0.030439, 0.981145, -0.353255, -0.061605, 0.351097, 0.980457),
      ["LeftHand"] = CFrame.new(0.000041, 0.000045, -0.000027, 0.676964, 0.229377, -0.699361, 0.011943, 0.946650, 0.322043, 0.735919, -0.226364, 0.638109),
      ["LeftLowerArm"] = CFrame.new(-0.000000, 0.000000, -0.000000, 1.000000, -0.000000, 0.000000, 0.000000, 0.128493, -0.991711, 0.000000, 0.991710, 0.128493),
      ["LeftLowerLeg"] = CFrame.new(-0.000000, 0.000000, -0.000000, 0.958548, 0.000000, -0.000000, -0.000000, 0.772692, 0.567239, 0.000001, -0.567239, 0.772692),
      ["LeftUpperArm"] = CFrame.new(0.003057, 0.201356, 0.428914, -0.918414, 0.074138, -0.388611, 0.231989, -0.694752, -0.680809, -0.320462, -0.715418, 0.620871),
      ["LeftUpperLeg"] = CFrame.new(-0.000000, -0.000000, -0.000000, 0.955757, -0.133321, 0.262209, 0.211809, 0.930465, -0.298950, -0.204120, 0.341262, 0.917537),
      ["LowerTorso"] = CFrame.new(-0.053522, -0.120183, 0.264549, 0.912630, 0.165218, -0.373910, -0.157771, 0.986175, 0.050673, 0.377113, 0.012747, 0.926080),
      ["MCH_IK_Foot.L"] = CFrame.new(-0.443399, 0.336879, 0.145439, 0.991667, -0.001134, -0.128824, 0.000543, 0.999989, -0.004619, 0.128828, 0.004510, 0.991657),
      ["MCH_IK_Foot.R"] = CFrame.new(1.032274, 0.206297, -0.323476, 0.829151, 0.003116, -0.559016, 0.053794, 0.994899, 0.085335, 0.556431, -0.100827, 0.824754),
      ["MCH_IK_Hand.L"] = CFrame.new(0.228088, 4.874959, 0.730184, -0.587494, -0.808910, -0.022693, 0.809167, -0.587565, -0.004094, -0.010022, -0.020768, 0.999734),
      ["MCH_IK_Hand.R"] = CFrame.new(1.021619, 4.552475, 0.886497, -0.449572, 0.892236, 0.042419, -0.860804, -0.420075, -0.287321, -0.238538, -0.165686, 0.956895),
      ["MCH_IK_LIMIT_UpperArm.L"] = CFrame.new(0.000000, -0.000001, 0.000000, -0.050508, -0.440001, -0.824230, 0.325073, -0.616024, 0.520400, -0.944339, -0.188522, 0.223223),
      ["MCH_IK_LIMIT_UpperArm.R"] = CFrame.new(-0.000000, 0.000000, -0.000000, 0.490459, 0.480788, 0.694242, -0.118196, -0.683693, 0.651864, 0.863411, -0.366705, -0.305126),
      ["MCH_IK_LIMIT_UpperLeg.L"] = CFrame.new(-0.000000, -0.000000, 0.000000, 0.977495, -0.196059, 0.003074, 0.210957, 0.908459, -0.014449, 0.000043, 0.013731, 0.999891),
      ["MCH_IK_LIMIT_UpperLeg.R"] = CFrame.new(0.000000, 0.000000, 0.000000, 0.955716, -0.276632, 0.091319, 0.281048, 0.766932, -0.565185, 0.087290, 0.559486, 0.819894),
      ["MCH_IK_LowerArm.L"] = CFrame.new(-0.000500, -0.000000, 0.000000, 1.000000, 0.000000, 0.000000, 0.000000, 0.128493, -0.991711, 0.000000, 0.991710, 0.128493),
      ["MCH_IK_LowerArm.R"] = CFrame.new(0.999500, -0.000000, 0.000000, 1.000000, -0.000000, 0.000000, 0.000000, 0.628135, -0.778105, 0.000000, 0.778105, 0.628134),
      ["MCH_IK_LowerLeg.L"] = CFrame.new(-0.000000, 0.000000, 0.000000, 0.958548, 0.000000, -0.000000, -0.000000, 0.772692, 0.567239, 0.000000, -0.567239, 0.772692),
      ["MCH_IK_LowerLeg.R"] = CFrame.new(0.000000, 0.000000, 0.000000, 0.983387, -0.000000, 0.000000, -0.000000, 0.973927, 0.136075, -0.000001, -0.136075, 0.973927),
      ["MCH_IK_UpperArm.L"] = CFrame.new(0.002598, 0.201472, 0.428754, -0.918414, 0.074138, -0.388611, 0.231989, -0.694752, -0.680809, -0.320462, -0.715418, 0.620871),
      ["MCH_IK_UpperArm.R"] = CFrame.new(2.277627, 0.025406, -0.105183, -0.427708, 0.005469, 0.903900, -0.282419, -0.950729, -0.127882, 0.858665, -0.309975, 0.408179),
      ["MCH_IK_UpperLeg.L"] = CFrame.new(-0.000000, -0.000000, -0.000000, 0.955757, -0.133321, 0.262209, 0.211809, 0.930465, -0.298950, -0.204120, 0.341262, 0.917538),
      ["MCH_IK_UpperLeg.R"] = CFrame.new(1.049674, -0.149553, -0.041673, 0.945738, -0.291068, -0.144427, 0.117630, 0.721029, -0.682848, 0.302891, 0.628806, 0.716143),
      ["MCH_INT_IK_LEG.L"] = CFrame.new(-0.443399, 0.336879, 0.145439, 0.991667, -0.001134, -0.128824, 0.000543, 0.999989, -0.004619, 0.128828, 0.004510, 0.991657),
      ["MCH_INT_IK_LEG.R"] = CFrame.new(1.032274, 0.206297, -0.323477, 0.829151, 0.003116, -0.559016, 0.053794, 0.994899, 0.085335, 0.556431, -0.100827, 0.824754),
      ["MCH_LowerTorso"] = CFrame.new(-0.053522, 1.879817, 0.264549, 0.912630, 0.165218, -0.373910, -0.157771, 0.986175, 0.050673, 0.377113, 0.012747, 0.926080),
      ["MCH_SWITCH_Foot.L"] = CFrame.new(0.000000, 0.000197, 0.000000, 1.040979, 0.049467, 0.047694, -0.030439, 0.981145, -0.353255, -0.061605, 0.351097, 0.980457),
      ["MCH_SWITCH_Foot.R"] = CFrame.new(-0.000000, 0.000183, 0.000000, 1.009024, -0.081111, 0.096768, 0.011478, 0.835027, 0.580234, -0.125743, -0.574652, 0.829480),
      ["MCH_SWITCH_Hand.L"] = CFrame.new(0.228088, 4.874959, 0.730184, -0.587494, -0.808910, -0.022693, 0.809167, -0.587565, -0.004094, -0.010022, -0.020768, 0.999734),
      ["MCH_SWITCH_Hand.R"] = CFrame.new(1.021619, 4.552475, 0.886497, -0.449572, 0.892236, 0.042419, -0.860804, -0.420075, -0.287321, -0.238538, -0.165686, 0.956895),
      ["MCH_SWITCH_LowerArm.L"] = CFrame.new(-0.000500, -0.000000, 0.000000, 1.000000, 0.000000, 0.000000, 0.000000, 0.128493, -0.991711, 0.000000, 0.991710, 0.128493),
      ["MCH_SWITCH_LowerArm.R"] = CFrame.new(0.999500, -0.000000, 0.000000, 1.000000, -0.000000, 0.000000, 0.000000, 0.628135, -0.778105, 0.000000, 0.778105, 0.628134),
      ["MCH_SWITCH_LowerLeg.L"] = CFrame.new(-0.000000, 0.000000, 0.000000, 0.958548, 0.000000, -0.000000, -0.000000, 0.772692, 0.567239, 0.000000, -0.567239, 0.772692),
      ["MCH_SWITCH_LowerLeg.R"] = CFrame.new(0.000000, 0.000000, 0.000000, 0.983387, -0.000000, 0.000000, -0.000000, 0.973927, 0.136075, -0.000001, -0.136075, 0.973927),
      ["MCH_SWITCH_UpperArm.L"] = CFrame.new(0.002598, 0.201472, 0.428754, -0.918414, 0.074138, -0.388611, 0.231989, -0.694752, -0.680809, -0.320462, -0.715418, 0.620871),
      ["MCH_SWITCH_UpperArm.R"] = CFrame.new(2.277627, 0.025406, -0.105183, -0.427708, 0.005469, 0.903900, -0.282419, -0.950729, -0.127882, 0.858665, -0.309975, 0.408179),
      ["MCH_SWITCH_UpperLeg.L"] = CFrame.new(-0.000000, -0.000000, -0.000000, 0.955757, -0.133321, 0.262209, 0.211809, 0.930465, -0.298950, -0.204120, 0.341262, 0.917538),
      ["MCH_SWITCH_UpperLeg.R"] = CFrame.new(1.049674, -0.149553, -0.041673, 0.945738, -0.291068, -0.144427, 0.117630, 0.721029, -0.682848, 0.302891, 0.628806, 0.716143),
      ["ORG_Foot.L"] = CFrame.new(-0.443399, 0.336879, 0.145439, 0.991667, -0.001134, -0.128824, 0.000543, 0.999989, -0.004619, 0.128828, 0.004510, 0.991657),
      ["ORG_Foot.R"] = CFrame.new(1.032274, 0.206297, -0.323476, 0.829151, 0.003116, -0.559016, 0.053794, 0.994899, 0.085335, 0.556431, -0.100827, 0.824754),
      ["ORG_Hand.L"] = CFrame.new(0.228088, 4.874959, 0.730184, -0.587494, -0.808910, -0.022693, 0.809167, -0.587565, -0.004094, -0.010022, -0.020768, 0.999734),
      ["ORG_Hand.R"] = CFrame.new(1.021619, 4.552475, 0.886497, -0.449572, 0.892236, 0.042419, -0.860804, -0.420075, -0.287321, -0.238538, -0.165686, 0.956895),
      ["ORG_LowerArm.L"] = CFrame.new(0.000000, -0.000000, 0.000000, 1.000000, -0.000000, 0.000000, -0.000000, 1.000000, -0.000000, 0.000000, 0.000000, 1.000000),
      ["ORG_LowerArm.R"] = CFrame.new(-0.000000, -0.000000, -0.000000, 1.000000, -0.000000, -0.000000, 0.000000, 1.000000, 0.000000, -0.000000, -0.000000, 1.000000),
      ["ORG_LowerLeg.L"] = CFrame.new(0.000000, -0.000000, 0.000000, 1.000000, -0.000000, 0.000000, 0.000000, 1.000000, 0.000000, -0.000000, 0.000000, 1.000000),
      ["ORG_LowerLeg.R"] = CFrame.new(-0.000000, -0.000000, 0.000000, 1.000000, 0.000000, 0.000000, 0.000000, 1.000000, -0.000000, -0.000000, -0.000000, 1.000000),
      ["ORG_UpperArm.L"] = CFrame.new(-0.000500, -0.000000, -0.000000, 1.000000, -0.000000, 0.000000, 0.000000, 1.000000, 0.000000, -0.000000, -0.000000, 1.000000),
      ["ORG_UpperArm.R"] = CFrame.new(0.000500, 0.000000, -0.000000, 1.000000, -0.000000, -0.000000, -0.000000, 1.000000, -0.000000, 0.000000, 0.000000, 1.000000),
      ["ORG_UpperLeg.L"] = CFrame.new(-0.000000, 0.000000, 0.000000, 1.000000, -0.000000, 0.000000, 0.000000, 1.000000, -0.000000, -0.000000, 0.000000, 1.000000),
      ["ORG_UpperLeg.R"] = CFrame.new(0.000000, 0.000000, 0.000000, 1.000000, -0.000000, -0.000000, 0.000000, 1.000000, -0.000000, 0.000000, 0.000000, 1.000000),
      ["RightFoot"] = CFrame.new(-0.000000, 0.000384, -0.000100, 1.009024, -0.081206, 0.096689, 0.011478, 0.834457, 0.581053, -0.125743, -0.575465, 0.828916),
      ["RightHand"] = CFrame.new(-0.000010, -0.000083, -0.000006, 0.257954, -0.816587, 0.516377, 0.458871, 0.573885, 0.678302, -0.850233, 0.061980, 0.522744),
      ["RightLowerArm"] = CFrame.new(-0.000500, 0.000100, 0.000000, 1.000000, -0.000000, 0.000000, 0.000000, 0.628135, -0.778105, 0.000000, 0.778105, 0.628134),
      ["RightLowerLeg"] = CFrame.new(0.000000, -0.000200, -0.000100, 0.983387, -0.000000, 0.000000, -0.000000, 0.973926, 0.136075, -0.000001, -0.136075, 0.973927),
      ["RightUpperArm"] = CFrame.new(0.277414, 0.025265, -0.104754, -0.427708, 0.005469, 0.903900, -0.282419, -0.950729, -0.127882, 0.858665, -0.309975, 0.408179),
      ["RightUpperLeg"] = CFrame.new(0.049674, -0.149553, -0.041573, 0.945738, -0.291068, -0.144428, 0.117630, 0.721029, -0.682848, 0.302892, 0.628806, 0.716142),
      ["UpperTorso"] = CFrame.new(0.010543, -0.001175, 0.000795, 0.988524, 0.123950, -0.086347, -0.116166, 0.989143, 0.090006, 0.096565, -0.078942, 0.992191),
      ["UpTorso"] = CFrame.new(0.021695, 2.271505, 0.274345, 0.846858, 0.306062, -0.434923, -0.265627, 0.951912, 0.152661, 0.460732, -0.013755, 0.887433)
    }},
    {Time = 0.042, Data = {
      ["FK_Foot.L"] = CFrame.new(0.000000, -0.000000, -0.000000, 1.000000, -0.000000, -0.000000, -0.000000, 0.999847, -0.017521, 0.000000, 0.017521, 0.999846),
      ["FK_Foot.R"] = CFrame.new(-0.000000, -0.000000, 0.000000, 1.000000, -0.000000, -0.000000, 0.000000, 0.999847, -0.017521, -0.000000, 0.017521, 0.999846),
      ["FK_Hand.L"] = CFrame.new(0.000000, -0.000000, 0.000000, 1.000000, -0.000000, 0.000011, -0.000000, 0.999939, 0.011080, -0.000011, -0.011080, 0.999939),
      ["FK_Hand.R"] = CFrame.new(-0.000000, -0.000001, -0.000000, 0.999968, -0.007999, -0.000011, 0.007999, 0.999907, 0.011080, -0.000077, -0.011079, 0.999939),
      ["FK_LowerArm.L"] = CFrame.new(-0.000500, -0.000000, 0.000000, 1.000000, -0.000000, 0.000000, -0.000000, 0.999772, -0.021364, -0.000000, 0.021364, 0.999772),
      ["FK_LowerArm.R"] = CFrame.new(0.999500, -0.000000, 0.000000, 1.000000, -0.000000, -0.000000, 0.000000, 0.999772, -0.021364, 0.000000, 0.021364, 0.999772),
      ["FK_LowerLeg.L"] = CFrame.new(-0.000000, -0.000000, -0.000000, 1.000000, -0.000000, -0.000000, 0.000000, 0.999632, 0.027116, 0.000000, -0.027116, 0.999632),
      ["FK_LowerLeg.R"] = CFrame.new(0.000000, 0.000000, -0.000000, 1.000000, -0.000000, 0.000000, -0.000000, 0.999632, 0.027116, -0.000000, -0.027116, 0.999632),
      ["FK_UpperArm.L"] = CFrame.new(0.000500, -0.000000, -0.000000, 1.000000, 0.000000, -0.000001, 0.000000, 0.999917, 0.012867, 0.000001, -0.012867, 0.999917),
      ["FK_UpperArm.R"] = CFrame.new(1.999500, 0.000000, 0.000000, 1.000000, 0.000000, 0.000001, 0.000000, 0.999917, 0.012867, -0.000001, -0.012867, 0.999917),
      ["FK_UpperLeg.L"] = CFrame.new(-0.000000, 0.000000, 0.000000, 1.000000, -0.000000, -0.000000, 0.000000, 0.999931, -0.011784, 0.000000, 0.011784, 0.999931),
      ["FK_UpperLeg.R"] = CFrame.new(1.000000, 0.000000, -0.000000, 1.000000, -0.000000, 0.000000, 0.000000, 0.999931, -0.011784, -0.000000, 0.011784, 0.999931),
      ["Head"] = CFrame.new(0.123723, 0.030762, 0.011460, 0.047426, -0.252613, 0.966404, 0.175576, 0.954538, 0.240895, -0.983323, 0.158252, 0.089623),
      ["HEAD"] = CFrame.new(0.620558, 3.792689, 0.319067, 0.521570, 0.009393, 0.853157, 0.004420, 0.999896, -0.013710, -0.853197, 0.010921, 0.521474),
      ["IK_Hand.L"] = CFrame.new(0.228088, 4.874960, 0.730184, -0.587494, -0.808911, -0.022693, 0.809167, -0.587565, -0.004094, -0.010022, -0.020768, 0.999734),
      ["IK_Hand.R"] = CFrame.new(1.021619, 4.552475, 0.886498, -0.449572, 0.892236, 0.042419, -0.860804, -0.420075, -0.287321, -0.238539, -0.165686, 0.956895),
      ["IK_LEG.L"] = CFrame.new(-0.443399, 0.336879, 0.145439, 0.991667, -0.001134, -0.128824, 0.000543, 0.999989, -0.004619, 0.128828, 0.004511, 0.991657),
      ["IK_LEG.R"] = CFrame.new(1.032273, 0.206297, -0.323477, 0.829151, 0.003116, -0.559016, 0.053794, 0.994899, 0.085335, 0.556431, -0.100827, 0.824754),
      ["IK_SuperArm.L"] = CFrame.new(0.002598, 0.201472, 0.428754, 1.000000, -0.000000, -0.000001, 0.000000, 0.999917, 0.012867, 0.000001, -0.012867, 0.999917),
      ["IK_SuperArm.R"] = CFrame.new(2.277627, 0.025406, -0.105183, 1.000000, -0.000000, 0.000001, 0.000000, 0.999917, 0.012867, -0.000001, -0.012867, 0.999917),
      ["IK_SuperLeg.L"] = CFrame.new(-0.000000, 0.000000, 0.000000, 1.000000, -0.000000, -0.000000, 0.000000, 0.999931, -0.011784, 0.000000, 0.011784, 0.999931),
      ["IK_SuperLeg.R"] = CFrame.new(1.049674, -0.149553, -0.041673, 1.000000, -0.000000, 0.000000, 0.000000, 0.999931, -0.011784, -0.000000, 0.011784, 0.999931),
      ["LeftFoot"] = CFrame.new(0.000000, 0.000196, -0.000000, 1.040983, 0.049501, 0.047756, -0.030445, 0.981126, -0.353329, -0.061677, 0.351167, 0.980436),
      ["LeftHand"] = CFrame.new(0.000041, 0.000044, -0.000026, 0.676969, 0.229359, -0.699362, 0.011913, 0.946667, 0.321995, 0.735915, -0.226312, 0.638132),
      ["LeftLowerArm"] = CFrame.new(-0.000000, 0.000000, 0.000000, 1.000000, -0.000000, 0.000000, 0.000000, 0.128633, -0.991693, 0.000000, 0.991692, 0.128633),
      ["LeftLowerLeg"] = CFrame.new(-0.000000, -0.000000, 0.000000, 0.958541, 0.000000, -0.000000, -0.000000, 0.772611, 0.567337, 0.000000, -0.567337, 0.772611),
      ["LeftUpperArm"] = CFrame.new(0.003057, 0.201356, 0.428914, -0.918409, 0.074098, -0.388632, 0.232006, -0.694807, -0.680747, -0.320466, -0.715369, 0.620926),
      ["LeftUpperLeg"] = CFrame.new(-0.000000, 0.000000, 0.000000, 0.955763, -0.133351, 0.262171, 0.211839, 0.930437, -0.299016, -0.204060, 0.341327, 0.917527),
      ["LowerTorso"] = CFrame.new(-0.053566, -0.120227, 0.264531, 0.912630, 0.165218, -0.373910, -0.157771, 0.986175, 0.050673, 0.377113, 0.012747, 0.926080),
      ["MCH_IK_Foot.L"] = CFrame.new(-0.443399, 0.336879, 0.145439, 0.991667, -0.001134, -0.128824, 0.000543, 0.999989, -0.004619, 0.128828, 0.004510, 0.991657),
      ["MCH_IK_Foot.R"] = CFrame.new(1.032274, 0.206297, -0.323476, 0.829151, 0.003116, -0.559016, 0.053794, 0.994899, 0.085335, 0.556431, -0.100827, 0.824754),
      ["MCH_IK_Hand.L"] = CFrame.new(0.228088, 4.874960, 0.730184, -0.587494, -0.808910, -0.022693, 0.809167, -0.587565, -0.004094, -0.010022, -0.020768, 0.999734),
      ["MCH_IK_Hand.R"] = CFrame.new(1.021619, 4.552475, 0.886498, -0.449572, 0.892236, 0.042419, -0.860804, -0.420075, -0.287321, -0.238538, -0.165686, 0.956895),
      ["MCH_IK_LIMIT_UpperArm.L"] = CFrame.new(0.000000, -0.000000, -0.000000, -0.050533, -0.440022, -0.824230, 0.325078, -0.616059, 0.520391, -0.944336, -0.188526, 0.223245),
      ["MCH_IK_LIMIT_UpperArm.R"] = CFrame.new(0.000000, 0.000000, -0.000000, 0.490549, 0.480767, 0.694203, -0.118125, -0.683728, 0.651848, 0.863370, -0.366708, -0.305247),
      ["MCH_IK_LIMIT_UpperLeg.L"] = CFrame.new(-0.000000, -0.000000, 0.000000, 0.977489, -0.196082, 0.003075, 0.210987, 0.908430, -0.014448, 0.000043, 0.013729, 0.999891),
      ["MCH_IK_LIMIT_UpperLeg.R"] = CFrame.new(0.000000, -0.000000, 0.000000, 0.955707, -0.276655, 0.091330, 0.281076, 0.766903, -0.565193, 0.087301, 0.559485, 0.819888),
      ["MCH_IK_LowerArm.L"] = CFrame.new(-0.000500, -0.000000, -0.000000, 1.000000, 0.000000, 0.000000, 0.000000, 0.128633, -0.991693, 0.000000, 0.991692, 0.128633),
      ["MCH_IK_LowerArm.R"] = CFrame.new(0.999500, -0.000000, 0.000000, 1.000000, -0.000000, -0.000000, 0.000000, 0.628201, -0.778051, 0.000000, 0.778051, 0.628201),
      ["MCH_IK_LowerLeg.L"] = CFrame.new(-0.000000, 0.000000, 0.000000, 0.958541, 0.000000, -0.000000, -0.000000, 0.772611, 0.567337, 0.000000, -0.567337, 0.772611),
      ["MCH_IK_LowerLeg.R"] = CFrame.new(0.000000, -0.000000, -0.000000, 0.983369, -0.000000, 0.000000, -0.000000, 0.973877, 0.136298, -0.000000, -0.136298, 0.973877),
      ["MCH_IK_UpperArm.L"] = CFrame.new(0.002598, 0.201472, 0.428754, -0.918409, 0.074098, -0.388632, 0.232006, -0.694807, -0.680747, -0.320466, -0.715369, 0.620926),
      ["MCH_IK_UpperArm.R"] = CFrame.new(2.277627, 0.025406, -0.105183, -0.427699, 0.005473, 0.903905, -0.282394, -0.950739, -0.127863, 0.858678, -0.309944, 0.408175),
      ["MCH_IK_UpperLeg.L"] = CFrame.new(-0.000000, 0.000000, 0.000000, 0.955763, -0.133351, 0.262171, 0.211839, 0.930437, -0.299016, -0.204060, 0.341327, 0.917527),
      ["MCH_IK_UpperLeg.R"] = CFrame.new(1.049674, -0.149552, -0.041673, 0.945729, -0.291114, -0.144392, 0.117644, 0.720929, -0.682950, 0.302913, 0.628899, 0.716052),
      ["MCH_INT_IK_LEG.L"] = CFrame.new(-0.443399, 0.336879, 0.145439, 0.991667, -0.001134, -0.128824, 0.000543, 0.999989, -0.004619, 0.128828, 0.004510, 0.991657),
      ["MCH_INT_IK_LEG.R"] = CFrame.new(1.032274, 0.206297, -0.323477, 0.829151, 0.003116, -0.559016, 0.053794, 0.994899, 0.085335, 0.556431, -0.100827, 0.824754),
      ["MCH_LowerTorso"] = CFrame.new(-0.053566, 1.879773, 0.264531, 0.912630, 0.165218, -0.373910, -0.157771, 0.986175, 0.050673, 0.377113, 0.012747, 0.926080),
      ["MCH_SWITCH_Foot.L"] = CFrame.new(0.000000, 0.000196, -0.000000, 1.040983, 0.049501, 0.047756, -0.030445, 0.981126, -0.353329, -0.061677, 0.351167, 0.980436),
      ["MCH_SWITCH_Foot.R"] = CFrame.new(-0.000000, 0.000183, 0.000000, 1.009042, -0.081097, 0.096793, 0.011464, 0.835096, 0.580168, -0.125754, -0.574586, 0.829547),
      ["MCH_SWITCH_Hand.L"] = CFrame.new(0.228088, 4.874960, 0.730184, -0.587494, -0.808910, -0.022693, 0.809167, -0.587565, -0.004094, -0.010022, -0.020768, 0.999734),
      ["MCH_SWITCH_Hand.R"] = CFrame.new(1.021619, 4.552475, 0.886498, -0.449572, 0.892236, 0.042419, -0.860804, -0.420075, -0.287321, -0.238538, -0.165686, 0.956895),
      ["MCH_SWITCH_LowerArm.L"] = CFrame.new(-0.000500, -0.000000, -0.000000, 1.000000, 0.000000, 0.000000, 0.000000, 0.128633, -0.991693, 0.000000, 0.991692, 0.128633),
      ["MCH_SWITCH_LowerArm.R"] = CFrame.new(0.999500, -0.000000, 0.000000, 1.000000, -0.000000, -0.000000, 0.000000, 0.628201, -0.778051, 0.000000, 0.778051, 0.628201),
      ["MCH_SWITCH_LowerLeg.L"] = CFrame.new(-0.000000, 0.000000, 0.000000, 0.958541, 0.000000, -0.000000, -0.000000, 0.772611, 0.567337, 0.000000, -0.567337, 0.772611),
      ["MCH_SWITCH_LowerLeg.R"] = CFrame.new(0.000000, -0.000000, -0.000000, 0.983369, -0.000000, 0.000000, -0.000000, 0.973877, 0.136298, -0.000000, -0.136298, 0.973877),
      ["MCH_SWITCH_UpperArm.L"] = CFrame.new(0.002598, 0.201472, 0.428754, -0.918409, 0.074098, -0.388632, 0.232006, -0.694807, -0.680747, -0.320466, -0.715369, 0.620926),
      ["MCH_SWITCH_UpperArm.R"] = CFrame.new(2.277627, 0.025406, -0.105183, -0.427699, 0.005473, 0.903905, -0.282394, -0.950739, -0.127863, 0.858678, -0.309944, 0.408175),
      ["MCH_SWITCH_UpperLeg.L"] = CFrame.new(-0.000000, 0.000000, 0.000000, 0.955763, -0.133351, 0.262171, 0.211839, 0.930437, -0.299016, -0.204060, 0.341327, 0.917527),
      ["MCH_SWITCH_UpperLeg.R"] = CFrame.new(1.049674, -0.149552, -0.041673, 0.945729, -0.291114, -0.144392, 0.117644, 0.720929, -0.682950, 0.302913, 0.628899, 0.716052),
      ["ORG_Foot.L"] = CFrame.new(-0.443399, 0.336879, 0.145439, 0.991667, -0.001134, -0.128824, 0.000543, 0.999989, -0.004619, 0.128828, 0.004510, 0.991657),
      ["ORG_Foot.R"] = CFrame.new(1.032274, 0.206297, -0.323476, 0.829151, 0.003116, -0.559016, 0.053794, 0.994899, 0.085335, 0.556431, -0.100827, 0.824754),
      ["ORG_Hand.L"] = CFrame.new(0.228088, 4.874960, 0.730184, -0.587494, -0.808910, -0.022693, 0.809167, -0.587565, -0.004094, -0.010022, -0.020768, 0.999734),
      ["ORG_Hand.R"] = CFrame.new(1.021619, 4.552475, 0.886498, -0.449572, 0.892236, 0.042419, -0.860804, -0.420075, -0.287321, -0.238538, -0.165686, 0.956895),
      ["ORG_LowerArm.L"] = CFrame.new(0.000000, -0.000000, -0.000000, 1.000000, -0.000000, 0.000000, -0.000000, 1.000000, 0.000000, 0.000000, 0.000000, 1.000000),
      ["ORG_LowerArm.R"] = CFrame.new(-0.000000, 0.000000, 0.000000, 1.000000, 0.000000, -0.000000, 0.000000, 1.000000, -0.000000, -0.000000, 0.000000, 1.000000),
      ["ORG_LowerLeg.L"] = CFrame.new(-0.000000, 0.000000, 0.000000, 1.000000, 0.000000, -0.000000, -0.000000, 1.000000, -0.000000, 0.000000, -0.000000, 1.000000),
      ["ORG_LowerLeg.R"] = CFrame.new(-0.000000, 0.000000, -0.000000, 1.000000, -0.000000, -0.000000, -0.000000, 1.000000, -0.000000, -0.000000, 0.000000, 1.000000),
      ["ORG_UpperArm.L"] = CFrame.new(-0.000500, -0.000000, -0.000000, 1.000000, -0.000000, 0.000000, -0.000000, 1.000000, 0.000000, -0.000000, 0.000000, 1.000000),
      ["ORG_UpperArm.R"] = CFrame.new(0.000500, -0.000000, 0.000000, 1.000000, 0.000000, -0.000000, -0.000000, 1.000000, 0.000000, 0.000000, -0.000000, 1.000000),
      ["ORG_UpperLeg.L"] = CFrame.new(-0.000000, 0.000000, 0.000000, 1.000000, -0.000000, 0.000000, -0.000000, 1.000000, -0.000000, -0.000000, -0.000000, 1.000000),
      ["ORG_UpperLeg.R"] = CFrame.new(-0.000000, 0.000000, 0.000000, 1.000000, -0.000000, -0.000000, -0.000000, 1.000000, -0.000000, 0.000000, 0.000000, 1.000000),
      ["RightFoot"] = CFrame.new(-0.000000, 0.000383, -0.000100, 1.009042, -0.081192, 0.096713, 0.011464, 0.834526, 0.580987, -0.125754, -0.575400, 0.828982),
      ["RightHand"] = CFrame.new(-0.000010, -0.000082, -0.000007, 0.257926, -0.816590, 0.516386, 0.458931, 0.573874, 0.678270, -0.850209, 0.062042, 0.522776),
      ["RightLowerArm"] = CFrame.new(-0.000500, 0.000099, 0.000000, 1.000000, -0.000000, 0.000000, 0.000000, 0.628201, -0.778051, -0.000000, 0.778051, 0.628201),
      ["RightLowerLeg"] = CFrame.new(0.000000, -0.000200, -0.000100, 0.983369, -0.000000, 0.000001, -0.000000, 0.973877, 0.136298, -0.000001, -0.136298, 0.973877),
      ["RightUpperArm"] = CFrame.new(0.277413, 0.025265, -0.104754, -0.427699, 0.005473, 0.903905, -0.282394, -0.950739, -0.127863, 0.858678, -0.309944, 0.408175),
      ["RightUpperLeg"] = CFrame.new(0.049674, -0.149552, -0.041573, 0.945729, -0.291114, -0.144392, 0.117644, 0.720929, -0.682951, 0.302913, 0.628899, 0.716052),
      ["UpperTorso"] = CFrame.new(0.010543, -0.001175, 0.000795, 0.988524, 0.123950, -0.086347, -0.116166, 0.989143, 0.090006, 0.096565, -0.078942, 0.992191),
      ["UpTorso"] = CFrame.new(0.021652, 2.271461, 0.274326, 0.846858, 0.306062, -0.434923, -0.265627, 0.951912, 0.152661, 0.460732, -0.013755, 0.887433)
    }},
    {Time = 0.083, Data = {
      ["FK_Foot.L"] = CFrame.new(-0.000000, -0.000000, -0.000000, 1.000000, -0.000000, -0.000000, -0.000000, 0.999847, -0.017521, 0.000000, 0.017521, 0.999846),
      ["FK_Foot.R"] = CFrame.new(-0.000000, -0.000000, -0.000000, 1.000000, -0.000000, -0.000000, 0.000000, 0.999847, -0.017521, -0.000000, 0.017521, 0.999846),
      ["FK_Hand.L"] = CFrame.new(-0.000000, -0.000001, 0.000000, 1.000000, -0.000000, 0.000011, -0.000000, 0.999939, 0.011080, -0.000011, -0.011080, 0.999939),
      ["FK_Hand.R"] = CFrame.new(-0.000000, -0.000000, 0.000000, 0.999968, -0.007999, -0.000011, 0.007999, 0.999907, 0.011080, -0.000077, -0.011079, 0.999939),
      ["FK_LowerArm.L"] = CFrame.new(-0.000500, -0.000000, 0.000000, 1.000000, -0.000000, 0.000000, -0.000000, 0.999772, -0.021364, -0.000000, 0.021364, 0.999772),
      ["FK_LowerArm.R"] = CFrame.new(0.999500, -0.000000, 0.000000, 1.000000, -0.000000, -0.000000, 0.000000, 0.999772, -0.021364, 0.000000, 0.021364, 0.999772),
      ["FK_LowerLeg.L"] = CFrame.new(-0.000000, 0.000000, 0.000000, 1.000000, -0.000000, -0.000000, 0.000000, 0.999632, 0.027116, 0.000000, -0.027116, 0.999632),
      ["FK_LowerLeg.R"] = CFrame.new(0.000000, 0.000000, -0.000000, 1.000000, -0.000000, 0.000000, -0.000000, 0.999632, 0.027116, -0.000000, -0.027116, 0.999632),
      ["FK_UpperArm.L"] = CFrame.new(0.000500, -0.000000, -0.000000, 1.000000, 0.000000, -0.000001, 0.000000, 0.999917, 0.012867, 0.000001, -0.012867, 0.999917),
      ["FK_UpperArm.R"] = CFrame.new(1.999500, -0.000000, -0.000000, 1.000000, 0.000000, 0.000001, 0.000000, 0.999917, 0.012867, -0.000001, -0.012867, 0.999917),
      ["FK_UpperLeg.L"] = CFrame.new(0.000000, -0.000000, 0.000000, 1.000000, -0.000000, -0.000000, 0.000000, 0.999931, -0.011784, 0.000000, 0.011784, 0.999931),
      ["FK_UpperLeg.R"] = CFrame.new(1.000000, -0.000000, 0.000000, 1.000000, -0.000000, 0.000000, 0.000000, 0.999931, -0.011784, -0.000000, 0.011784, 0.999931),
      ["Head"] = CFrame.new(0.123723, 0.030762, 0.011460, 0.047426, -0.252613, 0.966404, 0.175576, 0.954538, 0.240895, -0.983323, 0.158252, 0.089623),
      ["HEAD"] = CFrame.new(0.620431, 3.792560, 0.319012, 0.521570, 0.009393, 0.853157, 0.004420, 0.999896, -0.013710, -0.853197, 0.010921, 0.521474),
      ["IK_Hand.L"] = CFrame.new(0.228088, 4.874960, 0.730184, -0.587494, -0.808911, -0.022693, 0.809167, -0.587565, -0.004094, -0.010022, -0.020768, 0.999734),
      ["IK_Hand.R"] = CFrame.new(1.021619, 4.552475, 0.886498, -0.449572, 0.892236, 0.042419, -0.860804, -0.420075, -0.287321, -0.238539, -0.165686, 0.956895),
      ["IK_LEG.L"] = CFrame.new(-0.443399, 0.336879, 0.145439, 0.991667, -0.001134, -0.128824, 0.000543, 0.999989, -0.004619, 0.128828, 0.004511, 0.991657),
      ["IK_LEG.R"] = CFrame.new(1.032273, 0.206297, -0.323477, 0.829151, 0.003116, -0.559016, 0.053794, 0.994899, 0.085335, 0.556431, -0.100827, 0.824754),
      ["IK_SuperArm.L"] = CFrame.new(0.002598, 0.201472, 0.428754, 1.000000, -0.000000, -0.000001, 0.000000, 0.999917, 0.012867, 0.000001, -0.012867, 0.999917),
      ["IK_SuperArm.R"] = CFrame.new(2.277627, 0.025406, -0.105183, 1.000000, -0.000000, 0.000001, 0.000000, 0.999917, 0.012867, -0.000001, -0.012867, 0.999917),
      ["IK_SuperLeg.L"] = CFrame.new(-0.000000, -0.000000, 0.000000, 1.000000, -0.000000, -0.000000, 0.000000, 0.999931, -0.011784, 0.000000, 0.011784, 0.999931),
      ["IK_SuperLeg.R"] = CFrame.new(1.049674, -0.149553, -0.041673, 1.000000, -0.000000, 0.000000, 0.000000, 0.999931, -0.011784, -0.000000, 0.011784, 0.999931),
      ["LeftFoot"] = CFrame.new(0.000000, 0.000196, -0.000000, 1.040993, 0.049599, 0.047940, -0.030463, 0.981072, -0.353546, -0.061889, 0.351373, 0.980373),
      ["LeftHand"] = CFrame.new(0.000041, 0.000045, -0.000027, 0.676983, 0.229306, -0.699366, 0.011823, 0.946717, 0.321851, 0.735904, -0.226156, 0.638200),
      ["LeftLowerArm"] = CFrame.new(-0.000000, -0.000001, 0.000000, 1.000000, -0.000000, 0.000000, 0.000000, 0.129046, -0.991639, 0.000000, 0.991639, 0.129046),
      ["LeftLowerLeg"] = CFrame.new(-0.000000, 0.000000, -0.000000, 0.958519, 0.000000, -0.000000, -0.000000, 0.772373, 0.567625, 0.000000, -0.567625, 0.772373),
      ["LeftUpperArm"] = CFrame.new(0.003057, 0.201356, 0.428914, -0.918392, 0.073977, -0.388695, 0.232057, -0.694970, -0.680563, -0.320477, -0.715223, 0.621088),
      ["LeftUpperLeg"] = CFrame.new(-0.000000, -0.000000, 0.000000, 0.955782, -0.133438, 0.262060, 0.211927, 0.930354, -0.299211, -0.203882, 0.341518, 0.917495),
      ["LowerTorso"] = CFrame.new(-0.053693, -0.120356, 0.264475, 0.912630, 0.165218, -0.373910, -0.157771, 0.986175, 0.050673, 0.377113, 0.012747, 0.926080),
      ["MCH_IK_Foot.L"] = CFrame.new(-0.443400, 0.336879, 0.145439, 0.991667, -0.001134, -0.128824, 0.000543, 0.999989, -0.004619, 0.128828, 0.004510, 0.991657),
      ["MCH_IK_Foot.R"] = CFrame.new(1.032274, 0.206297, -0.323476, 0.829151, 0.003116, -0.559016, 0.053794, 0.994899, 0.085335, 0.556431, -0.100827, 0.824754),
      ["MCH_IK_Hand.L"] = CFrame.new(0.228088, 4.874960, 0.730184, -0.587494, -0.808910, -0.022693, 0.809167, -0.587565, -0.004094, -0.010022, -0.020768, 0.999734),
      ["MCH_IK_Hand.R"] = CFrame.new(1.021618, 4.552475, 0.886498, -0.449572, 0.892236, 0.042419, -0.860804, -0.420075, -0.287321, -0.238538, -0.165686, 0.956895),
      ["MCH_IK_LIMIT_UpperArm.L"] = CFrame.new(0.000000, -0.000000, -0.000000, -0.050606, -0.440085, -0.824229, 0.325094, -0.616162, 0.520365, -0.944327, -0.188536, 0.223310),
      ["MCH_IK_LIMIT_UpperArm.R"] = CFrame.new(-0.000000, 0.000000, -0.000000, 0.490814, 0.480704, 0.694089, -0.117913, -0.683830, 0.651802, 0.863248, -0.366718, -0.305604),
      ["MCH_IK_LIMIT_UpperLeg.L"] = CFrame.new(-0.000000, 0.000000, 0.000000, 0.977470, -0.196148, 0.003075, 0.211074, 0.908345, -0.014443, 0.000042, 0.013724, 0.999891),
      ["MCH_IK_LIMIT_UpperLeg.R"] = CFrame.new(-0.000000, -0.000000, 0.000000, 0.955680, -0.276722, 0.091363, 0.281158, 0.766817, -0.565216, 0.087332, 0.559480, 0.819868),
      ["MCH_IK_LowerArm.L"] = CFrame.new(-0.000500, -0.000001, 0.000000, 1.000000, 0.000000, 0.000000, 0.000000, 0.129046, -0.991639, 0.000000, 0.991639, 0.129046),
      ["MCH_IK_LowerArm.R"] = CFrame.new(0.999500, 0.000000, 0.000000, 1.000000, -0.000000, -0.000000, 0.000000, 0.628396, -0.777894, 0.000000, 0.777893, 0.628396),
      ["MCH_IK_LowerLeg.L"] = CFrame.new(-0.000000, 0.000001, -0.000000, 0.958519, 0.000000, -0.000000, -0.000000, 0.772373, 0.567625, 0.000000, -0.567625, 0.772373),
      ["MCH_IK_LowerLeg.R"] = CFrame.new(-0.000000, -0.000000, -0.000000, 0.983315, 0.000000, 0.000000, -0.000000, 0.973732, 0.136948, -0.000001, -0.136948, 0.973732),
      ["MCH_IK_UpperArm.L"] = CFrame.new(0.002598, 0.201472, 0.428754, -0.918392, 0.073977, -0.388695, 0.232057, -0.694970, -0.680563, -0.320477, -0.715223, 0.621088),
      ["MCH_IK_UpperArm.R"] = CFrame.new(2.277627, 0.025406, -0.105183, -0.427669, 0.005486, 0.903919, -0.282324, -0.950768, -0.127804, 0.858716, -0.309855, 0.408163),
      ["MCH_IK_UpperLeg.L"] = CFrame.new(-0.000000, -0.000000, 0.000000, 0.955782, -0.133438, 0.262060, 0.211927, 0.930354, -0.299211, -0.203882, 0.341518, 0.917495),
      ["MCH_IK_UpperLeg.R"] = CFrame.new(1.049674, -0.149553, -0.041673, 0.945704, -0.291246, -0.144289, 0.117687, 0.720637, -0.683251, 0.302975, 0.629172, 0.715785),
      ["MCH_INT_IK_LEG.L"] = CFrame.new(-0.443399, 0.336879, 0.145439, 0.991667, -0.001134, -0.128824, 0.000543, 0.999989, -0.004619, 0.128828, 0.004510, 0.991657),
      ["MCH_INT_IK_LEG.R"] = CFrame.new(1.032274, 0.206297, -0.323477, 0.829151, 0.003116, -0.559016, 0.053794, 0.994899, 0.085335, 0.556431, -0.100827, 0.824754),
      ["MCH_LowerTorso"] = CFrame.new(-0.053693, 1.879644, 0.264475, 0.912630, 0.165218, -0.373910, -0.157771, 0.986175, 0.050673, 0.377113, 0.012747, 0.926080),
      ["MCH_SWITCH_Foot.L"] = CFrame.new(0.000000, 0.000196, -0.000000, 1.040993, 0.049599, 0.047940, -0.030463, 0.981072, -0.353546, -0.061889, 0.351373, 0.980373),
      ["MCH_SWITCH_Foot.R"] = CFrame.new(0.000000, 0.000181, 0.000000, 1.009094, -0.081056, 0.096865, 0.011423, 0.835297, 0.579976, -0.125787, -0.574397, 0.829740),
      ["MCH_SWITCH_Hand.L"] = CFrame.new(0.228088, 4.874960, 0.730184, -0.587494, -0.808910, -0.022693, 0.809167, -0.587565, -0.004094, -0.010022, -0.020768, 0.999734),
      ["MCH_SWITCH_Hand.R"] = CFrame.new(1.021618, 4.552475, 0.886498, -0.449572, 0.892236, 0.042419, -0.860804, -0.420075, -0.287321, -0.238538, -0.165686, 0.956895),
      ["MCH_SWITCH_LowerArm.L"] = CFrame.new(-0.000500, -0.000001, 0.000000, 1.000000, 0.000000, 0.000000, 0.000000, 0.129046, -0.991639, 0.000000, 0.991639, 0.129046),
      ["MCH_SWITCH_LowerArm.R"] = CFrame.new(0.999500, 0.000000, 0.000000, 1.000000, -0.000000, -0.000000, 0.000000, 0.628396, -0.777894, 0.000000, 0.777893, 0.628396),
      ["MCH_SWITCH_LowerLeg.L"] = CFrame.new(-0.000000, 0.000001, -0.000000, 0.958519, 0.000000, -0.000000, -0.000000, 0.772373, 0.567625, 0.000000, -0.567625, 0.772373),
      ["MCH_SWITCH_LowerLeg.R"] = CFrame.new(-0.000000, -0.000000, -0.000000, 0.983315, 0.000000, 0.000000, -0.000000, 0.973732, 0.136948, -0.000001, -0.136948, 0.973732),
      ["MCH_SWITCH_UpperArm.L"] = CFrame.new(0.002598, 0.201472, 0.428754, -0.918392, 0.073977, -0.388695, 0.232057, -0.694970, -0.680563, -0.320477, -0.715223, 0.621088),
      ["MCH_SWITCH_UpperArm.R"] = CFrame.new(2.277627, 0.025406, -0.105183, -0.427669, 0.005486, 0.903919, -0.282324, -0.950768, -0.127804, 0.858716, -0.309855, 0.408163),
      ["MCH_SWITCH_UpperLeg.L"] = CFrame.new(-0.000000, -0.000000, 0.000000, 0.955782, -0.133438, 0.262060, 0.211927, 0.930354, -0.299211, -0.203882, 0.341518, 0.917495),
      ["MCH_SWITCH_UpperLeg.R"] = CFrame.new(1.049674, -0.149553, -0.041673, 0.945704, -0.291246, -0.144289, 0.117687, 0.720637, -0.683251, 0.302975, 0.629172, 0.715785),
      ["ORG_Foot.L"] = CFrame.new(-0.443400, 0.336879, 0.145439, 0.991667, -0.001134, -0.128824, 0.000543, 0.999989, -0.004619, 0.128828, 0.004510, 0.991657),
      ["ORG_Foot.R"] = CFrame.new(1.032274, 0.206297, -0.323476, 0.829151, 0.003116, -0.559016, 0.053794, 0.994899, 0.085335, 0.556431, -0.100827, 0.824754),
      ["ORG_Hand.L"] = CFrame.new(0.228088, 4.874960, 0.730184, -0.587494, -0.808910, -0.022693, 0.809167, -0.587565, -0.004094, -0.010022, -0.020768, 0.999734),
      ["ORG_Hand.R"] = CFrame.new(1.021618, 4.552475, 0.886498, -0.449572, 0.892236, 0.042419, -0.860804, -0.420075, -0.287321, -0.238538, -0.165686, 0.956895),
      ["ORG_LowerArm.L"] = CFrame.new(-0.000000, 0.000000, 0.000000, 1.000000, 0.000000, -0.000000, -0.000000, 1.000000, 0.000000, 0.000000, 0.000000, 1.000000),
      ["ORG_LowerArm.R"] = CFrame.new(-0.000000, 0.000000, 0.000000, 1.000000, -0.000000, -0.000000, 0.000000, 1.000000, -0.000000, -0.000000, -0.000000, 1.000000),
      ["ORG_LowerLeg.L"] = CFrame.new(0.000000, -0.000000, 0.000000, 1.000000, 0.000000, 0.000000, 0.000000, 1.000000, 0.000000, 0.000000, 0.000000, 1.000000),
      ["ORG_LowerLeg.R"] = CFrame.new(0.000000, -0.000000, -0.000000, 1.000000, 0.000000, -0.000000, -0.000000, 1.000000, 0.000000, 0.000000, 0.000000, 1.000000),
      ["ORG_UpperArm.L"] = CFrame.new(-0.000500, -0.000000, -0.000000, 1.000000, 0.000000, 0.000000, -0.000000, 1.000000, 0.000000, -0.000000, 0.000000, 1.000000),
      ["ORG_UpperArm.R"] = CFrame.new(0.000500, 0.000001, 0.000000, 1.000000, 0.000000, -0.000000, 0.000000, 1.000000, 0.000000, 0.000000, 0.000000, 1.000000),
      ["ORG_UpperLeg.L"] = CFrame.new(0.000000, 0.000000, -0.000000, 1.000000, 0.000000, 0.000000, -0.000000, 1.000000, -0.000000, -0.000000, 0.000000, 1.000000),
      ["ORG_UpperLeg.R"] = CFrame.new(-0.000000, 0.000000, -0.000000, 1.000000, 0.000000, -0.000000, 0.000000, 1.000000, -0.000000, 0.000000, 0.000000, 1.000000),
      ["RightFoot"] = CFrame.new(0.000000, 0.000381, -0.000100, 1.009094, -0.081151, 0.096786, 0.011423, 0.834728, 0.580795, -0.125788, -0.575211, 0.829176),
      ["RightHand"] = CFrame.new(-0.000010, -0.000082, -0.000006, 0.257845, -0.816599, 0.516413, 0.459107, 0.573842, 0.678179, -0.850139, 0.062224, 0.522868),
      ["RightLowerArm"] = CFrame.new(-0.000500, 0.000100, 0.000000, 1.000000, -0.000000, 0.000000, 0.000000, 0.628396, -0.777894, -0.000000, 0.777893, 0.628396),
      ["RightLowerLeg"] = CFrame.new(-0.000000, -0.000200, -0.000100, 0.983315, -0.000000, 0.000001, -0.000000, 0.973732, 0.136948, -0.000001, -0.136948, 0.973732),
      ["RightUpperArm"] = CFrame.new(0.277414, 0.025264, -0.104754, -0.427669, 0.005486, 0.903919, -0.282324, -0.950768, -0.127804, 0.858716, -0.309855, 0.408163),
      ["RightUpperLeg"] = CFrame.new(0.049674, -0.149553, -0.041573, 0.945704, -0.291247, -0.144290, 0.117687, 0.720637, -0.683251, 0.302975, 0.629172, 0.715785),
      ["UpperTorso"] = CFrame.new(0.010543, -0.001175, 0.000795, 0.988524, 0.123950, -0.086347, -0.116166, 0.989143, 0.090006, 0.096565, -0.078942, 0.992191),
      ["UpTorso"] = CFrame.new(0.021525, 2.271332, 0.274271, 0.846858, 0.306062, -0.434923, -0.265627, 0.951912, 0.152661, 0.460732, -0.013755, 0.887433)
    }},
    {Time = 0.125, Data = {
      ["FK_Foot.L"] = CFrame.new(-0.000000, -0.000000, -0.000000, 1.000000, -0.000000, -0.000000, -0.000000, 0.999847, -0.017521, 0.000000, 0.017521, 0.999846),
      ["FK_Foot.R"] = CFrame.new(0.000000, -0.000000, -0.000000, 1.000000, -0.000000, -0.000000, 0.000000, 0.999847, -0.017521, -0.000000, 0.017521, 0.999846),
      ["FK_Hand.L"] = CFrame.new(0.000000, -0.000000, 0.000000, 1.000000, -0.000000, 0.000011, -0.000000, 0.999939, 0.011080, -0.000011, -0.011080, 0.999939),
