return {
  ["Bios Push K0"] = {
    {Time = 0.000, Data = {
      ["Head"] = CFrame.new(-0.000000, -0.000000, -0.000000, 0.999509, 0.027908, 0.014253, -0.029731, 0.988257, 0.149883, -0.009902, -0.150234, 0.988601),
      ["Head.001"] = CFrame.new(0.000000, 0.000000, -0.000000, -0.999509, 0.014253, 0.027908, 0.029731, 0.149883, 0.988257, 0.009903, 0.988601, -0.150234),
      ["Left Arm"] = CFrame.new(0.040928, -0.048178, -0.004055, 0.996565, -0.026365, -0.078561, 0.027673, 0.999495, 0.015617, 0.078110, -0.017737, 0.996787),
      ["Left Arm.001"] = CFrame.new(0.000000, 0.000100, -0.000500, 1.000000, -0.000000, 0.000000, 0.000000, 1.000000, 0.000000, 0.000000, -0.000000, 1.000000),
      ["Left Leg"] = CFrame.new(-0.637454, 0.230319, -0.118100, 0.955238, -0.257562, -0.145739, 0.272825, 0.957227, 0.096384, 0.114683, -0.131826, 0.984617),
      ["Left Leg.001"] = CFrame.new(0.000000, -0.000200, 0.000000, 1.000000, -0.000000, 0.000000, -0.000000, 1.000000, -0.000000, 0.000000, 0.000000, 1.000000),
      ["LeftFoot"] = CFrame.new(0.000000, 0.018130, -0.000003, 0.970441, -0.148316, -0.190384, 0.088138, 0.952188, -0.292522, 0.224659, 0.267083, 0.937086),
      ["LeftHand"] = CFrame.new(0.000525, -0.037309, 0.000000, 0.997342, -0.063355, 0.035993, 0.064161, 0.997704, -0.021696, -0.034536, 0.023948, 0.999112),
      ["LeftLowerArm"] = CFrame.new(-0.000500, -0.036622, 0.000088, 1.000000, -0.000000, -0.000000, 0.000000, 1.000000, -0.000001, 0.000000, -0.000000, 1.000006),
      ["LeftLowerLeg"] = CFrame.new(-0.000000, 0.084008, -0.025518, 1.000000, -0.000000, -0.000000, 0.000000, 0.738191, 0.674621, -0.000000, -0.674611, 0.738197),
      ["LeftUpperArm"] = CFrame.new(0.009374, -0.011809, 0.032943, 0.996787, 0.017737, -0.078110, -0.015617, 0.999495, 0.027674, 0.078561, -0.026364, 0.996560),
      ["LeftUpperLeg"] = CFrame.new(-0.000000, -0.000000, -0.000100, 0.986254, 0.078241, -0.145537, -0.138622, 0.871136, -0.471045, 0.089928, 0.484763, 0.870019),
      ["LowerTorso"] = CFrame.new(-0.000268, 0.000209, 0.088816, 0.968381, -0.014312, 0.249066, 0.009337, 0.999733, 0.021148, -0.249302, -0.018153, 0.968256),
      ["Right Arm"] = CFrame.new(-0.073931, -0.001879, -0.002708, 0.999468, 0.024043, -0.022261, -0.024131, 0.999702, -0.003722, 0.022165, 0.004257, 0.999745),
      ["Right Arm.001"] = CFrame.new(0.000000, -0.000000, -0.000000, 1.000000, 0.000000, 0.000000, 0.000000, 1.000000, -0.000000, 0.000000, 0.000000, 1.000000),
      ["Right Leg"] = CFrame.new(-0.017170, 0.151863, 0.015599, 0.988298, 0.069615, -0.135969, -0.055380, 0.992845, 0.105778, 0.142364, -0.097005, 0.985050),
      ["Right Leg.001"] = CFrame.new(-0.000000, 0.000000, -0.000000, 1.000000, -0.000000, 0.000000, -0.000000, 1.000000, 0.000000, 0.000000, 0.000000, 1.000000),
      ["RightFoot"] = CFrame.new(-0.000000, 0.004219, -0.000103, 0.987099, 0.079254, 0.139120, -0.071256, 0.995558, -0.061564, -0.143377, 0.050862, 0.988326),
      ["RightHand"] = CFrame.new(-0.000505, -0.007657, -0.000000, 0.999484, -0.027297, 0.016949, 0.027833, 0.999091, -0.032271, -0.016053, 0.032728, 0.999331),
      ["RightLowerArm"] = CFrame.new(0.000000, 0.001869, 0.000370, 1.000000, 0.000000, 0.000000, -0.000000, 0.995997, -0.089389, -0.000000, 0.089388, 0.996003),
      ["RightLowerLeg"] = CFrame.new(0.000000, 0.017242, -0.000835, 1.000000, 0.000000, -0.000000, -0.000000, 0.991333, 0.131370, -0.000000, -0.131383, 0.991369),
      ["RightUpperArm"] = CFrame.new(-0.000161, -0.008344, 0.002438, 0.999745, 0.006221, -0.021696, -0.003722, 0.993543, 0.113397, 0.022261, -0.113287, 0.993312),
      ["RightUpperLeg"] = CFrame.new(0.000000, -0.000000, -0.000000, 0.994129, -0.072537, -0.080285, 0.063608, 0.992038, -0.108670, 0.087529, 0.102936, 0.990828),
      ["Torso"] = CFrame.new(-0.010670, 0.070079, -0.060564, 0.953735, -0.298847, -0.032849, 0.299233, 0.954152, 0.007394, 0.029134, -0.016881, 0.999433),
      ["UpperTorso"] = CFrame.new(0.000454, -0.059977, -0.017442, 0.997906, 0.039299, 0.051369, -0.037344, 0.998562, -0.038475, -0.052807, 0.036476, 0.997938)
    }},
    {Time = 0.034, Data = {
      ["Head"] = CFrame.new(0.000000, 0.000000, 0.000000, 0.999471, 0.032359, -0.003182, -0.031574, 0.989263, 0.142695, 0.007765, -0.142519, 0.989762),
      ["Head.001"] = CFrame.new(0.000000, -0.000000, -0.000000, -0.999471, -0.003182, 0.032359, 0.031574, 0.142695, 0.989263, -0.007765, 0.989762, -0.142519),
      ["Left Arm"] = CFrame.new(0.090687, -0.079270, -0.007708, 0.984530, -0.029817, -0.172686, 0.027189, 0.999476, -0.017561, 0.173120, 0.012594, 0.984821),
      ["Left Arm.001"] = CFrame.new(-0.000000, 0.000100, -0.000500, 1.000000, 0.000000, 0.000000, 0.000000, 1.000000, 0.000000, -0.000000, -0.000000, 1.000000),
      ["Left Leg"] = CFrame.new(-0.744693, 0.181093, -0.175370, 0.951100, -0.251739, -0.179149, 0.261546, 0.964633, 0.032937, 0.164527, -0.078179, 0.983270),
      ["Left Leg.001"] = CFrame.new(-0.000000, -0.000200, -0.000000, 1.000000, -0.000000, 0.000000, 0.000000, 1.000000, 0.000000, 0.000000, 0.000000, 1.000000),
      ["LeftFoot"] = CFrame.new(-0.000000, 0.019400, -0.000003, 0.961843, -0.175188, -0.210161, 0.087100, 0.924222, -0.371789, 0.259360, 0.339283, 0.904187),
      ["LeftHand"] = CFrame.new(0.000556, -0.085198, -0.000000, 0.992004, -0.109413, 0.062898, 0.115831, 0.987208, -0.109562, -0.050106, 0.115972, 0.991983),
      ["LeftLowerArm"] = CFrame.new(-0.000498, -0.084341, 0.000333, 1.000000, -0.000000, -0.000000, 0.000000, 1.000000, -0.000001, 0.000000, -0.000000, 1.000006),
      ["LeftLowerLeg"] = CFrame.new(-0.000000, 0.087768, -0.028011, 1.000000, -0.000000, -0.000000, 0.000000, 0.712332, 0.701872, -0.000000, -0.701861, 0.712337),
      ["LeftUpperArm"] = CFrame.new(0.003391, 0.004780, 0.080006, 0.984821, -0.012594, -0.173118, 0.017561, 0.999476, 0.027190, 0.172685, -0.029817, 0.984525),
      ["LeftUpperLeg"] = CFrame.new(0.000000, 0.000000, -0.000100, 0.985708, 0.124815, -0.113141, -0.161857, 0.887913, -0.430570, 0.046718, 0.442749, 0.895436),
      ["LowerTorso"] = CFrame.new(0.004169, -0.004221, 0.093308, 0.965992, -0.022581, 0.257585, 0.038381, 0.997666, -0.056476, -0.255708, 0.064442, 0.964604),
      ["Right Arm"] = CFrame.new(-0.240925, 0.077896, -0.031134, 0.990731, -0.047240, -0.127392, 0.049456, 0.998674, 0.014280, 0.126549, -0.020447, 0.991750),
      ["Right Arm.001"] = CFrame.new(0.000000, -0.000000, -0.000000, 1.000000, 0.000000, 0.000000, -0.000000, 1.000000, 0.000000, 0.000000, -0.000000, 1.000000),
      ["Right Leg"] = CFrame.new(0.143481, 0.304550, 0.073263, 0.967349, 0.131525, -0.216794, -0.094104, 0.980106, 0.174749, 0.235473, -0.148637, 0.960450),
      ["Right Leg.001"] = CFrame.new(-0.000000, -0.000000, 0.000000, 1.000000, -0.000000, -0.000000, -0.000000, 1.000000, 0.000000, -0.000000, -0.000000, 1.000000),
      ["RightFoot"] = CFrame.new(0.000000, 0.010536, -0.000103, 0.989702, 0.064259, 0.127909, -0.038966, 0.980773, -0.191224, -0.137734, 0.184263, 0.973144),
      ["RightHand"] = CFrame.new(-0.000502, -0.002265, -0.000000, 0.995094, -0.085007, 0.050605, 0.085237, 0.996358, -0.002404, -0.050216, 0.006707, 0.998711),
      ["RightLowerArm"] = CFrame.new(0.000000, 0.040613, 0.009460, 1.000000, 0.000000, 0.000000, -0.000000, 0.905083, -0.425238, -0.000000, 0.425235, 0.905088),
      ["RightLowerLeg"] = CFrame.new(-0.000000, 0.050516, -0.008515, 1.000000, 0.000000, -0.000000, -0.000000, 0.913494, 0.406871, -0.000000, -0.406872, 0.913517),
      ["RightUpperArm"] = CFrame.new(0.003837, -0.017345, -0.050127, 0.991750, 0.035306, -0.123232, 0.014280, 0.924913, 0.379910, 0.127392, -0.378535, 0.916777),
      ["RightUpperLeg"] = CFrame.new(-0.000000, 0.000000, -0.000000, 0.995978, -0.065728, -0.060896, 0.048231, 0.966037, -0.253840, 0.075513, 0.249898, 0.965325),
      ["Torso"] = CFrame.new(-0.046335, 0.084541, -0.067431, 0.916302, -0.390102, -0.090615, 0.389646, 0.920667, -0.023410, 0.092558, -0.013857, 0.995611),
      ["UpperTorso"] = CFrame.new(-0.000111, -0.060752, -0.017220, 0.981223, 0.131732, 0.140882, -0.138143, 0.989732, 0.036696, -0.134601, -0.055469, 0.989346)
    }},
    {Time = 0.069, Data = {
      ["Head"] = CFrame.new(-0.000000, 0.000000, -0.000000, 0.998754, 0.039172, -0.030914, -0.034792, 0.990727, 0.131339, 0.035772, -0.130100, 0.990855),
      ["Head.001"] = CFrame.new(0.000000, 0.000000, 0.000000, -0.998754, -0.030914, 0.039172, 0.034792, 0.131339, 0.990727, -0.035772, 0.990855, -0.130100),
      ["Left Arm"] = CFrame.new(0.144059, -0.093550, -0.004425, 0.962191, -0.040749, -0.269326, 0.030195, 0.998609, -0.043214, 0.270713, 0.033448, 0.962079),
      ["Left Arm.001"] = CFrame.new(0.000000, 0.000100, -0.000500, 1.000000, -0.000000, 0.000000, 0.000000, 1.000000, -0.000000, -0.000000, 0.000000, 1.000000),
      ["Left Leg"] = CFrame.new(-0.873716, 0.166391, -0.244112, 0.947437, -0.247802, -0.202519, 0.250953, 0.967946, -0.010447, 0.198623, -0.040924, 0.979223),
      ["Left Leg.001"] = CFrame.new(0.000000, -0.000200, 0.000000, 1.000000, -0.000000, -0.000000, 0.000000, 1.000000, -0.000000, 0.000000, -0.000000, 1.000000),
      ["LeftFoot"] = CFrame.new(-0.000000, 0.021426, -0.000003, 0.945624, -0.217955, -0.241436, 0.081126, 0.876865, -0.473843, 0.314973, 0.428473, 0.846840),
      ["LeftHand"] = CFrame.new(0.000574, -0.112683, 0.000000, 0.986004, -0.144397, 0.083344, 0.160231, 0.958853, -0.234366, -0.046073, 0.244439, 0.968565),
      ["LeftLowerArm"] = CFrame.new(-0.000498, -0.111793, 0.000482, 1.000000, -0.000000, -0.000000, 0.000000, 1.000000, -0.000001, 0.000000, -0.000000, 1.000006),
      ["LeftLowerLeg"] = CFrame.new(-0.000000, 0.093295, -0.031908, 1.000000, -0.000000, -0.000000, 0.000000, 0.671752, 0.740807, -0.000000, -0.740794, 0.671754),
      ["LeftUpperArm"] = CFrame.new(-0.007980, 0.017607, 0.128326, 0.962079, -0.033448, -0.270712, 0.043214, 0.998610, 0.030196, 0.269326, -0.040749, 0.962186),
      ["LeftUpperLeg"] = CFrame.new(0.000000, -0.000000, -0.000100, 0.978675, 0.195574, -0.062805, -0.204600, 0.900923, -0.382696, -0.018264, 0.387405, 0.921735),
      ["LowerTorso"] = CFrame.new(0.010569, -0.013937, 0.115276, 0.961006, -0.031092, 0.274776, 0.080827, 0.981848, -0.171586, -0.264453, 0.187105, 0.946074),
      ["Right Arm"] = CFrame.new(-0.229282, 0.116149, -0.058313, 0.971569, 0.065739, -0.227465, -0.056729, 0.997333, 0.045925, 0.229879, -0.031714, 0.972703),
      ["Right Arm.001"] = CFrame.new(0.000000, -0.000000, -0.000000, 1.000000, 0.000000, 0.000000, 0.000000, 1.000000, 0.000000, -0.000000, -0.000000, 1.000000),
      ["Right Leg"] = CFrame.new(0.216300, 0.491738, 0.125454, 0.939722, 0.134325, -0.314542, -0.063424, 0.972133, 0.225690, 0.336104, -0.192131, 0.922024),
      ["Right Leg.001"] = CFrame.new(-0.000000, 0.000000, 0.000000, 1.000000, 0.000000, 0.000000, -0.000000, 1.000000, 0.000000, -0.000000, -0.000000, 1.000000),
      ["RightFoot"] = CFrame.new(0.000000, 0.015293, -0.000103, 0.992231, 0.047189, 0.115112, -0.012610, 0.958652, -0.284303, -0.123764, 0.280629, 0.951769),
      ["RightHand"] = CFrame.new(-0.000501, -0.001820, -0.000000, 0.991648, -0.110976, 0.065722, 0.121257, 0.975822, -0.181846, -0.043952, 0.188298, 0.981123),
      ["RightLowerArm"] = CFrame.new(-0.000000, 0.045304, 0.011602, 1.000000, 0.000000, 0.000000, -0.000000, 0.883638, -0.468175, -0.000000, 0.468171, 0.883642),
      ["RightLowerLeg"] = CFrame.new(-0.000000, 0.074383, -0.020054, 1.000000, 0.000000, 0.000000, -0.000000, 0.795723, 0.605688, 0.000000, -0.605681, 0.795733),
      ["RightUpperArm"] = CFrame.new(0.013360, -0.033167, -0.100164, 0.972703, 0.079598, -0.217976, 0.045925, 0.854721, 0.517052, 0.227466, -0.512948, 0.827733),
      ["RightUpperLeg"] = CFrame.new(-0.000000, -0.000000, -0.000000, 0.997585, -0.051663, -0.046432, 0.030534, 0.926550, -0.374904, 0.062391, 0.372599, 0.925898),
      ["Torso"] = CFrame.new(-0.066776, 0.134693, -0.083998, 0.856881, -0.501298, -0.120231, 0.499447, 0.865054, -0.047270, 0.127703, -0.019544, 0.991620),
      ["UpperTorso"] = CFrame.new(-0.000871, -0.061679, -0.016651, 0.945226, 0.208193, 0.251404, -0.245475, 0.961037, 0.127080, -0.215152, -0.181833, 0.959503)
    }},
    {Time = 0.103, Data = {
      ["Head"] = CFrame.new(0.000000, -0.000000, -0.000000, 0.996550, 0.047735, -0.067886, -0.039611, 0.992418, 0.116350, 0.072926, -0.113260, 0.990885),
      ["Head.001"] = CFrame.new(0.000000, 0.000000, -0.000000, -0.996550, -0.067886, 0.047735, 0.039611, 0.116350, 0.992418, -0.072926, 0.990885, -0.113260),
      ["Left Arm"] = CFrame.new(0.193984, -0.063569, 0.010105, 0.933669, -0.069065, -0.351427, 0.052786, 0.997051, -0.055705, 0.354239, 0.033459, 0.934557),
      ["Left Arm.001"] = CFrame.new(0.000000, 0.000100, -0.000500, 1.000000, -0.000000, 0.000000, 0.000000, 1.000000, -0.000000, -0.000000, 0.000000, 1.000000),
      ["Left Leg"] = CFrame.new(-0.972912, 0.121868, -0.296076, 0.923134, -0.328553, -0.199825, 0.330526, 0.943485, -0.024457, 0.196575, -0.043469, 0.979526),
      ["Left Leg.001"] = CFrame.new(0.000000, -0.000200, -0.000000, 1.000000, 0.000000, 0.000000, 0.000000, 1.000000, 0.000000, 0.000000, -0.000000, 1.000000),
      ["LeftFoot"] = CFrame.new(0.000000, 0.023403, -0.000003, 0.921475, -0.270065, -0.279192, 0.065875, 0.816998, -0.572866, 0.382798, 0.509471, 0.770610),
      ["LeftHand"] = CFrame.new(0.000559, -0.089440, 0.000000, 0.979656, -0.173716, 0.100485, 0.196151, 0.934675, -0.296491, -0.042416, 0.310169, 0.949730),
      ["LeftLowerArm"] = CFrame.new(-0.000498, -0.088576, 0.000356, 1.000000, -0.000000, -0.000000, -0.000000, 1.000000, -0.000001, 0.000000, -0.000000, 1.000006),
      ["LeftLowerLeg"] = CFrame.new(-0.000000, 0.099218, -0.036926, 1.000000, -0.000000, -0.000000, 0.000000, 0.619584, 0.784961, -0.000000, -0.784947, 0.619583),
      ["LeftUpperArm"] = CFrame.new(-0.021741, 0.023852, 0.169376, 0.934557, -0.033459, -0.354237, 0.055705, 0.997051, 0.052787, 0.351427, -0.069064, 0.933663),
      ["LeftUpperLeg"] = CFrame.new(-0.000000, -0.000000, -0.000100, 0.959892, 0.280343, -0.003779, -0.264305, 0.900304, -0.345798, -0.093541, 0.332949, 0.938300),
      ["LowerTorso"] = CFrame.new(0.017477, -0.030659, 0.167692, 0.952678, -0.033932, 0.302083, 0.131719, 0.941691, -0.309625, -0.273963, 0.334763, 0.901598),
      ["Right Arm"] = CFrame.new(-0.108759, 0.069420, -0.041164, 0.907078, 0.291503, -0.303719, -0.278806, 0.956543, 0.085397, 0.315415, 0.007218, 0.948927),
      ["Right Arm.001"] = CFrame.new(-0.000000, 0.000000, -0.000000, 1.000000, 0.000000, 0.000000, 0.000000, 1.000000, -0.000000, 0.000000, 0.000000, 1.000000),
      ["Right Leg"] = CFrame.new(0.197244, 0.617256, 0.149095, 0.908113, 0.157020, -0.388236, -0.051835, 0.962060, 0.267871, 0.415582, -0.223127, 0.881770),
      ["Right Leg.001"] = CFrame.new(0.000000, 0.000000, 0.000000, 1.000000, 0.000000, -0.000000, 0.000000, 1.000000, -0.000000, -0.000000, -0.000000, 1.000000),
      ["RightFoot"] = CFrame.new(0.000000, 0.019239, -0.000103, 0.993527, 0.036952, 0.107419, -0.001159, 0.948861, -0.315691, -0.113588, 0.313509, 0.942732),
      ["RightHand"] = CFrame.new(-0.000503, -0.004017, -0.000000, 0.991853, -0.109610, 0.064912, 0.126549, 0.906193, -0.403484, -0.014597, 0.408411, 0.912676),
      ["RightLowerArm"] = CFrame.new(0.000000, 0.025166, 0.004175, 1.000000, 0.000000, 0.000000, -0.000000, 0.957947, -0.286949, -0.000000, 0.286946, 0.957952),
      ["RightLowerLeg"] = CFrame.new(0.000000, 0.086514, -0.027397, 1.000000, 0.000000, 0.000000, -0.000000, 0.719741, 0.694273, 0.000000, -0.694262, 0.719745),
      ["RightUpperArm"] = CFrame.new(0.025248, -0.052904, -0.138291, 0.948927, 0.097420, -0.300078, 0.085397, 0.836315, 0.541557, 0.303719, -0.539524, 0.785281),
      ["RightUpperLeg"] = CFrame.new(0.000000, -0.000000, -0.000000, 0.998280, -0.042367, -0.040533, 0.019790, 0.894187, -0.447232, 0.055192, 0.445679, 0.893497),
      ["Torso"] = CFrame.new(-0.089898, 0.291130, -0.115402, 0.788459, -0.596472, -0.150179, 0.607709, 0.793130, 0.040438, 0.094991, -0.123149, 0.987831),
      ["UpperTorso"] = CFrame.new(-0.001533, -0.062449, -0.015799, 0.905124, 0.262110, 0.334737, -0.319645, 0.938674, 0.129303, -0.280317, -0.224032, 0.933398)
    }},
    {Time = 0.138, Data = {
      ["Head"] = CFrame.new(-0.000000, 0.000000, -0.000000, 0.991941, 0.057368, -0.112969, -0.046295, 0.994078, 0.098309, 0.117940, -0.092287, 0.988723),
      ["Head.001"] = CFrame.new(0.000000, 0.000000, -0.000000, -0.991941, -0.112969, 0.057368, 0.046295, 0.098309, 0.994079, -0.117940, 0.988723, -0.092287),
      ["Left Arm"] = CFrame.new(0.248517, 0.025504, 0.038551, 0.906423, -0.073286, -0.415974, 0.051734, 0.996680, -0.062862, 0.419203, 0.035459, 0.907201),
      ["Left Arm.001"] = CFrame.new(-0.000000, 0.000100, -0.000500, 1.000000, -0.000000, -0.000000, 0.000000, 1.000000, 0.000000, 0.000000, 0.000000, 1.000000),
      ["Left Leg"] = CFrame.new(-1.002101, -0.015848, -0.315877, 0.842689, -0.508325, -0.177556, 0.513985, 0.857657, -0.016156, 0.160501, -0.077644, 0.983978),
      ["Left Leg.001"] = CFrame.new(0.000000, -0.000200, 0.000000, 1.000000, 0.000000, -0.000000, 0.000000, 1.000000, 0.000000, 0.000000, -0.000000, 1.000000),
      ["LeftFoot"] = CFrame.new(-0.000000, 0.024922, -0.000003, 0.897162, -0.313967, -0.310684, 0.041905, 0.760710, -0.647738, 0.439696, 0.568086, 0.695614),
      ["LeftHand"] = CFrame.new(0.000506, -0.009743, -0.000000, 0.966925, -0.220667, 0.127917, 0.243506, 0.947880, -0.205498, -0.075903, 0.229849, 0.970257),
      ["LeftLowerArm"] = CFrame.new(-0.000500, -0.005088, 0.000039, 1.000000, -0.000000, -0.000000, -0.000000, 0.999160, -0.040968, 0.000000, 0.040967, 0.999166),
      ["LeftLowerLeg"] = CFrame.new(0.000000, 0.104377, -0.042249, 1.000000, -0.000000, -0.000000, 0.000000, 0.564321, 0.825587, -0.000000, -0.825572, 0.564317),
      ["LeftUpperArm"] = CFrame.new(-0.035419, 0.027431, 0.201650, 0.907201, -0.018256, -0.420301, 0.062862, 0.993724, 0.092522, 0.415974, -0.110357, 0.902654),
      ["LeftUpperLeg"] = CFrame.new(-0.000000, -0.000000, -0.000100, 0.932730, 0.357755, 0.045009, -0.324026, 0.886379, -0.330637, -0.158184, 0.293834, 0.942683),
      ["LowerTorso"] = CFrame.new(0.023434, -0.058009, 0.264459, 0.940978, -0.025179, 0.337531, 0.186156, 0.871354, -0.453969, -0.282678, 0.490008, 0.824612),
      ["Right Arm"] = CFrame.new(-0.042698, 0.025418, -0.019477, 0.803557, 0.480080, -0.351890, -0.467448, 0.874958, 0.126265, 0.368508, 0.063029, 0.927486),
      ["Right Arm.001"] = CFrame.new(-0.000000, 0.000000, 0.000000, 1.000000, -0.000000, -0.000000, -0.000000, 1.000000, -0.000000, 0.000000, 0.000000, 1.000000),
      ["Right Leg"] = CFrame.new(0.138109, 0.630765, 0.144215, 0.879278, 0.248148, -0.406623, -0.109279, 0.935907, 0.334871, 0.463675, -0.250003, 0.850011),
      ["Right Leg.001"] = CFrame.new(0.000000, 0.000000, 0.000000, 1.000000, 0.000000, 0.000000, 0.000000, 1.000000, 0.000000, 0.000000, 0.000000, 1.000000),
      ["RightFoot"] = CFrame.new(0.000000, 0.018434, -0.000103, 0.993107, 0.040415, 0.110023, -0.006987, 0.957418, -0.288621, -0.116998, 0.285849, 0.951071),
      ["RightHand"] = CFrame.new(-0.000504, -0.006374, -0.000000, 0.990354, -0.119251, 0.070556, 0.138558, 0.854982, -0.499807, -0.000722, 0.504761, 0.863253),
      ["RightLowerArm"] = CFrame.new(0.000000, 0.009127, 0.001088, 1.000000, 0.000000, 0.000000, 0.000000, 0.988799, -0.149254, -0.000000, 0.149252, 0.988805),
      ["RightLowerLeg"] = CFrame.new(-0.000000, 0.084118, -0.025818, 1.000000, 0.000000, 0.000000, -0.000000, 0.736112, 0.676889, 0.000000, -0.676879, 0.736118),
      ["RightUpperArm"] = CFrame.new(0.035968, -0.073338, -0.162376, 0.927486, 0.117324, -0.354971, 0.126265, 0.795390, 0.592799, 0.351890, -0.594634, 0.722899),
      ["RightUpperLeg"] = CFrame.new(-0.000000, -0.000000, -0.000000, 0.998000, -0.047373, -0.041848, 0.023375, 0.891703, -0.451992, 0.058728, 0.450129, 0.891038),
      ["Torso"] = CFrame.new(-0.149141, 0.574979, -0.195894, 0.725387, -0.647044, -0.234838, 0.688260, 0.676543, 0.261892, -0.010578, -0.351603, 0.936090),
      ["UpperTorso"] = CFrame.new(-0.001725, -0.062650, -0.015046, 0.879098, 0.321205, 0.352157, -0.346301, 0.938082, 0.008849, -0.327509, -0.129731, 0.935899)
    }},
    {Time = 0.172, Data = {
      ["Head"] = CFrame.new(-0.000000, 0.000000, -0.000000, 0.984010, 0.067354, -0.164887, -0.055089, 0.995441, 0.077861, 0.169379, -0.067532, 0.983235),
      ["Head.001"] = CFrame.new(0.000000, -0.000000, -0.000000, -0.984010, -0.164887, 0.067354, 0.055089, 0.077861, 0.995441, -0.169379, 0.983234, -0.067532),
      ["Left Arm"] = CFrame.new(0.637032, 0.141404, 0.242044, 0.844604, 0.292539, -0.448409, -0.360560, 0.929919, -0.072454, 0.395790, 0.222872, 0.890887),
      ["Left Arm.001"] = CFrame.new(-0.000000, 0.000100, -0.000500, 1.000000, -0.000000, 0.000000, -0.000000, 1.000000, 0.000000, 0.000000, -0.000000, 1.000000),
      ["Left Leg"] = CFrame.new(-0.956293, -0.161342, -0.296696, 0.722817, -0.672018, -0.161125, 0.682406, 0.730883, 0.012756, 0.109196, -0.119169, 0.986852),
      ["Left Leg.001"] = CFrame.new(0.000000, -0.000200, 0.000000, 1.000000, 0.000000, 0.000000, 0.000000, 1.000000, 0.000000, -0.000000, 0.000000, 1.000000),
      ["LeftFoot"] = CFrame.new(0.000000, 0.026074, -0.000003, 0.893223, -0.320492, -0.315339, 0.018556, 0.727034, -0.686352, 0.449217, 0.607193, 0.655327),
      ["LeftHand"] = CFrame.new(0.000500, -0.000101, -0.000000, 0.952955, -0.262106, 0.152243, 0.196385, 0.916477, 0.348572, -0.230888, -0.302273, 0.924831),
      ["LeftLowerArm"] = CFrame.new(-0.000500, 0.070833, 0.029569, 1.000000, -0.000000, -0.000000, 0.000000, 0.703649, -0.710552, 0.000000, 0.710548, 0.703652),
      ["LeftLowerLeg"] = CFrame.new(0.000000, 0.107706, -0.045970, 1.000000, -0.000000, -0.000000, 0.000000, 0.525552, 0.850793, -0.000000, -0.850776, 0.525548),
      ["LeftUpperArm"] = CFrame.new(-0.043576, 0.032226, 0.217868, 0.890887, 0.124403, -0.436857, 0.072454, 0.910530, 0.407046, 0.448409, -0.394283, 0.802165),
      ["LeftUpperLeg"] = CFrame.new(0.000000, -0.000000, -0.000100, 0.917349, 0.393239, 0.061922, -0.353286, 0.875885, -0.328625, -0.183467, 0.279611, 0.942427),
      ["LowerTorso"] = CFrame.new(0.027949, -0.102476, 0.419492, 0.926878, -0.001329, 0.375360, 0.239460, 0.772173, -0.588564, -0.289061, 0.635411, 0.716028),
      ["Right Arm"] = CFrame.new(-0.085861, 0.083472, -0.043171, 0.746411, 0.560389, -0.358946, -0.544204, 0.824425, 0.155461, 0.383044, 0.079302, 0.920321),
      ["Right Arm.001"] = CFrame.new(0.000000, -0.000000, 0.000000, 1.000000, 0.000000, -0.000000, 0.000000, 1.000000, 0.000000, -0.000000, 0.000000, 1.000000),
      ["Right Leg"] = CFrame.new(0.000504, 0.548973, 0.101791, 0.873277, 0.316359, -0.370612, -0.162558, 0.906143, 0.390490, 0.459378, -0.280752, 0.842712),
      ["Right Leg.001"] = CFrame.new(-0.000000, -0.000000, -0.000000, 1.000000, 0.000000, -0.000000, -0.000000, 1.000000, 0.000000, 0.000000, 0.000000, 1.000000),
      ["RightFoot"] = CFrame.new(-0.000000, 0.012703, -0.000103, 0.990761, 0.057485, 0.122835, -0.031521, 0.978527, -0.203697, -0.131903, 0.197933, 0.971266),
      ["RightHand"] = CFrame.new(-0.000503, -0.004854, -0.000000, 0.986671, -0.140131, 0.082724, 0.162707, 0.857441, -0.488181, -0.002521, 0.495133, 0.868808),
      ["RightLowerArm"] = CFrame.new(0.000000, 0.019232, 0.002783, 1.000000, 0.000000, 0.000000, -0.000000, 0.971866, -0.235535, -0.000000, 0.235533, 0.971871),
      ["RightLowerLeg"] = CFrame.new(0.000000, 0.062509, -0.013666, 1.000000, 0.000000, 0.000000, -0.000000, 0.861079, 0.508495, 0.000000, -0.508491, 0.861096),
      ["RightUpperArm"] = CFrame.new(0.039551, -0.087935, -0.165904, 0.920321, 0.167290, -0.353587, 0.155461, 0.673053, 0.723070, 0.358946, -0.720426, 0.593417),
      ["RightUpperLeg"] = CFrame.new(0.000000, -0.000000, -0.000000, 0.996542, -0.063653, -0.053401, 0.041273, 0.937050, -0.346724, 0.072110, 0.343339, 0.936443),
      ["Torso"] = CFrame.new(-0.220852, 0.930013, -0.357049, 0.692074, -0.640205, -0.333425, 0.703461, 0.494663, 0.510344, -0.161792, -0.587747, 0.792702),
      ["UpperTorso"] = CFrame.new(-0.001081, -0.061830, -0.015188, 0.883554, 0.351344, 0.309662, -0.322975, 0.935938, -0.140379, -0.339146, 0.024020, 0.940427)
    }},
    {Time = 0.207, Data = {
      ["Head"] = CFrame.new(0.000000, -0.000000, 0.000000, 0.971963, 0.076983, -0.222175, -0.066170, 0.996251, 0.055718, 0.225631, -0.039454, 0.973414),
      ["Head.001"] = CFrame.new(0.000000, -0.000000, 0.000000, -0.971963, -0.222175, 0.076983, 0.066170, 0.055717, 0.996252, -0.225631, 0.973414, -0.039454),
      ["Left Arm"] = CFrame.new(0.688262, 0.109586, 0.238587, 0.777654, 0.469079, -0.418597, -0.556275, 0.823627, -0.110462, 0.292953, 0.318755, 0.901429),
      ["Left Arm.001"] = CFrame.new(-0.000000, 0.000100, -0.000500, 1.000000, 0.000000, 0.000000, -0.000000, 1.000000, -0.000000, -0.000000, -0.000000, 1.000000),
      ["Left Leg"] = CFrame.new(-0.871538, -0.233879, -0.266427, 0.646171, -0.743647, -0.171696, 0.756866, 0.653337, 0.018515, 0.098411, -0.141910, 0.984976),
      ["Left Leg.001"] = CFrame.new(0.000000, -0.000200, 0.000000, 1.000000, 0.000000, 0.000000, -0.000000, 1.000000, 0.000000, 0.000000, -0.000000, 1.000000),
      ["LeftFoot"] = CFrame.new(0.000000, 0.025694, -0.000002, 0.925964, -0.261142, -0.272755, 0.007445, 0.734802, -0.678241, 0.377526, 0.625975, 0.682322),
      ["LeftHand"] = CFrame.new(0.000499, 0.000947, -0.000000, 0.958680, -0.246008, 0.142872, 0.101573, 0.765100, 0.635850, -0.265734, -0.595061, 0.758471),
      ["LeftLowerArm"] = CFrame.new(-0.000500, 0.081863, 0.041663, 1.000000, -0.000000, -0.000000, 0.000000, 0.582237, -0.813023, 0.000000, 0.813019, 0.582240),
      ["LeftLowerLeg"] = CFrame.new(-0.000000, 0.106634, -0.044739, 1.000000, -0.000000, -0.000000, 0.000000, 0.538385, 0.842731, -0.000000, -0.842714, 0.538381),
      ["LeftUpperArm"] = CFrame.new(-0.038305, 0.051231, 0.202962, 0.901429, 0.052585, -0.429721, 0.110462, 0.931805, 0.345742, 0.418597, -0.359129, 0.834147),
      ["LeftUpperLeg"] = CFrame.new(0.000000, -0.000000, -0.000100, 0.935027, 0.352593, 0.037440, -0.323714, 0.891948, -0.315625, -0.144683, 0.283022, 0.948144),
      ["LowerTorso"] = CFrame.new(0.032383, -0.173311, 0.645312, 0.912376, 0.036493, 0.407723, 0.287315, 0.652374, -0.701326, -0.291581, 0.757018, 0.584726),
      ["Right Arm"] = CFrame.new(-0.169221, 0.220186, -0.085622, 0.751061, 0.575348, -0.323866, -0.552529, 0.816240, 0.168716, 0.361425, 0.052230, 0.930938),
      ["Right Arm.001"] = CFrame.new(0.000000, -0.000000, 0.000000, 1.000000, 0.000000, -0.000000, 0.000000, 1.000000, 0.000000, 0.000000, 0.000000, 1.000000),
      ["Right Leg"] = CFrame.new(-0.378663, 0.443198, -0.025919, 0.921812, 0.225671, -0.315274, -0.086686, 0.912529, 0.399716, 0.377911, -0.341117, 0.860715),
      ["Right Leg.001"] = CFrame.new(-0.000000, -0.000000, -0.000000, 1.000000, -0.000000, -0.000000, -0.000000, 1.000000, -0.000000, 0.000000, -0.000000, 1.000000),
      ["RightFoot"] = CFrame.new(-0.000000, -0.004714, -0.000103, 0.986549, 0.082179, 0.141304, -0.081740, 0.996615, -0.008922, -0.141555, -0.002737, 0.989892),
      ["RightHand"] = CFrame.new(-0.000501, -0.002120, -0.000000, 0.983024, -0.158095, 0.093117, 0.183459, 0.854467, -0.486034, -0.002725, 0.494865, 0.868960),
      ["RightLowerArm"] = CFrame.new(0.000000, 0.042124, 0.010121, 1.000000, 0.000000, 0.000000, 0.000000, 0.898468, -0.439042, -0.000000, 0.439039, 0.898472),
      ["RightLowerLeg"] = CFrame.new(0.000000, -0.004697, -0.000059, 1.000000, -0.000000, 0.000000, -0.000000, 0.999999, -0.000007, 0.000000, -0.000011, 1.000038),
      ["RightUpperArm"] = CFrame.new(0.034242, -0.094563, -0.148364, 0.930938, 0.205606, -0.301796, 0.168717, 0.490784, 0.854789, 0.323866, -0.846674, 0.422200),
      ["RightUpperLeg"] = CFrame.new(0.000000, 0.000000, -0.000000, 0.993701, -0.069409, -0.087981, 0.066716, 0.997219, -0.033192, 0.090041, 0.027121, 0.995566),
      ["Torso"] = CFrame.new(-0.273287, 1.311224, -0.578956, 0.696857, -0.600817, -0.391676, 0.650616, 0.299753, 0.697744, -0.301811, -0.741058, 0.599786),
      ["UpperTorso"] = CFrame.new(0.000655, -0.059630, -0.017462, 0.912218, 0.326234, 0.247852, -0.270204, 0.933783, -0.234603, -0.307976, 0.147039, 0.939963)
    }},
    {Time = 0.241, Data = {
      ["Head"] = CFrame.new(0.000000, 0.000000, 0.000000, 0.955239, 0.085601, -0.283181, -0.079602, 0.996292, 0.032646, 0.284926, -0.008643, 0.958511),
      ["Head.001"] = CFrame.new(0.000000, -0.000000, -0.000000, -0.955239, -0.283181, 0.085601, 0.079602, 0.032646, 0.996292, -0.284926, 0.958511, -0.008643),
      ["Left Arm"] = CFrame.new(0.464693, 0.095085, 0.077744, 0.865090, 0.400560, -0.301954, -0.462441, 0.870073, -0.170661, 0.194362, 0.287271, 0.937923),
      ["Left Arm.001"] = CFrame.new(-0.000000, 0.000099, -0.000500, 1.000000, 0.000000, 0.000000, 0.000000, 1.000000, 0.000000, -0.000000, 0.000000, 1.000000),
      ["Left Leg"] = CFrame.new(-0.892410, -0.160334, -0.261985, 0.677516, -0.707305, -0.201796, 0.722204, 0.691704, 0.000129, 0.139497, -0.145821, 0.979428),
      ["Left Leg.001"] = CFrame.new(0.000000, -0.000200, 0.000000, 1.000000, -0.000000, 0.000000, 0.000000, 1.000000, 0.000000, -0.000000, -0.000000, 1.000000),
      ["LeftFoot"] = CFrame.new(-0.000000, 0.026636, -0.000003, 0.974261, -0.134987, -0.180538, -0.003773, 0.791012, -0.611789, 0.225384, 0.596704, 0.770117),
      ["LeftHand"] = CFrame.new(0.000501, -0.001359, -0.000000, 0.986752, -0.140451, 0.081199, 0.066729, 0.807578, 0.585973, -0.147874, -0.572788, 0.806249),
      ["LeftLowerArm"] = CFrame.new(-0.000500, 0.056572, 0.018360, 1.000000, -0.000000, -0.000000, -0.000000, 0.815986, -0.578076, 0.000000, 0.578072, 0.815990),
      ["LeftLowerLeg"] = CFrame.new(-0.000000, 0.109481, -0.048209, 1.000000, -0.000000, -0.000000, 0.000000, 0.502254, 0.864752, -0.000000, -0.864734, 0.502249),
      ["LeftUpperArm"] = CFrame.new(-0.020058, 0.081330, 0.144640, 0.937923, -0.122054, -0.324659, 0.170660, 0.977289, 0.125622, 0.301954, -0.173230, 0.937450),
      ["LeftUpperLeg"] = CFrame.new(-0.000000, -0.000000, -0.000100, 0.967704, 0.245648, -0.056618, -0.246946, 0.878580, -0.408767, -0.050670, 0.409570, 0.910879),
      ["LowerTorso"] = CFrame.new(0.064591, -0.406197, 0.937341, 0.904267, 0.068736, 0.421399, 0.327936, 0.520219, -0.788562, -0.273423, 0.851262, 0.447876),
      ["Right Arm"] = CFrame.new(-0.315924, 0.475957, -0.134925, 0.851030, 0.480096, -0.212755, -0.444656, 0.874352, 0.194400, 0.279355, -0.070837, 0.957572),
      ["Right Arm.001"] = CFrame.new(0.000000, -0.000000, -0.000000, 1.000000, 0.000000, 0.000000, 0.000000, 1.000000, 0.000000, 0.000000, 0.000000, 1.000000),
      ["Right Leg"] = CFrame.new(-0.340558, 0.366971, -0.013039, 0.927710, 0.250079, -0.277271, -0.142516, 0.923511, 0.356107, 0.345127, -0.290834, 0.892361),
      ["Right Leg.001"] = CFrame.new(0.000000, -0.000000, 0.000000, 1.000000, 0.000000, -0.000000, 0.000000, 1.000000, 0.000000, -0.000000, -0.000000, 1.000000),
      ["RightFoot"] = CFrame.new(0.000000, -0.016606, -0.000103, 0.981372, 0.106839, 0.159670, -0.101309, 0.993952, -0.042411, -0.163232, 0.025455, 0.986224),
      ["RightHand"] = CFrame.new(-0.000499, 0.001403, 0.000000, 0.987558, -0.135581, 0.079666, 0.157133, 0.830944, -0.533704, 0.006162, 0.539581, 0.841906),
      ["RightLowerArm"] = CFrame.new(-0.000000, 0.079769, 0.038122, 1.000000, 0.000000, 0.000000, -0.000000, 0.617465, -0.786603, -0.000000, 0.786599, 0.617467),
      ["RightLowerLeg"] = CFrame.new(-0.000000, -0.016548, -0.000216, 1.000000, -0.000000, -0.000000, 0.000000, 0.999999, -0.000008, -0.000000, -0.000011, 1.000038),
      ["RightUpperArm"] = CFrame.new(0.020926, -0.107405, -0.092809, 0.957572, 0.176000, -0.228211, 0.194401, 0.190116, 0.962322, 0.212755, -0.965857, 0.147835),
      ["RightUpperLeg"] = CFrame.new(0.000000, -0.000000, 0.000000, 0.989929, -0.092343, -0.107300, 0.091402, 0.995719, -0.013661, 0.108104, 0.003724, 0.994129),
      ["Torso"] = CFrame.new(-0.304345, 1.712093, -0.952818, 0.738220, -0.563695, -0.370513, 0.543017, 0.170724, 0.822183, -0.400205, -0.808147, 0.432128),
      ["UpperTorso"] = CFrame.new(0.002476, -0.058244, -0.019658, 0.947262, 0.251949, 0.198030, -0.203313, 0.950163, -0.236336, -0.247706, 0.183610, 0.951278)
    }},
    {Time = 0.276, Data = {
      ["Head"] = CFrame.new(0.000000, 0.000000, -0.000000, 0.933606, 0.092665, -0.346110, -0.095300, 0.995404, 0.009437, 0.345394, 0.024174, 0.938146),
      ["Head.001"] = CFrame.new(-0.000000, 0.000000, -0.000000, -0.933607, -0.346110, 0.092665, 0.095300, 0.009437, 0.995404, -0.345393, 0.938147, 0.024174),
      ["Left Arm"] = CFrame.new(0.079608, 0.073772, -0.041166, 0.974857, 0.117062, -0.189630, -0.148483, 0.975724, -0.160983, 0.166182, 0.185091, 0.968569),
      ["Left Arm.001"] = CFrame.new(-0.000000, 0.000100, -0.000500, 1.000000, 0.000000, -0.000000, 0.000000, 1.000000, -0.000000, 0.000000, 0.000000, 1.000000),
      ["Left Leg"] = CFrame.new(-0.887634, 0.085695, -0.248594, 0.829559, -0.508160, -0.231627, 0.525857, 0.850403, 0.017522, 0.188078, -0.136334, 0.972647),
      ["Left Leg.001"] = CFrame.new(-0.000000, -0.000200, 0.000000, 1.000000, -0.000000, -0.000000, -0.000000, 1.000000, -0.000000, 0.000000, 0.000000, 1.000000),
      ["LeftFoot"] = CFrame.new(-0.000000, 0.026283, -0.000002, 0.996848, 0.000266, -0.079341, -0.032485, 0.913709, -0.405069, 0.072385, 0.406355, 0.910807),
      ["LeftHand"] = CFrame.new(0.000507, -0.009975, -0.000000, 0.998105, -0.053545, 0.030339, 0.043393, 0.961875, 0.270026, -0.043641, -0.268196, 0.962371),
      ["LeftLowerArm"] = CFrame.new(-0.000500, -0.006268, 0.000006, 1.000000, -0.000000, -0.000000, 0.000000, 0.999502, -0.031545, 0.000000, 0.031543, 0.999508),
      ["LeftLowerLeg"] = CFrame.new(-0.000000, 0.108291, -0.046655, 1.000000, -0.000000, -0.000000, 0.000000, 0.518403, 0.855168, -0.000000, -0.855151, 0.518399),
      ["LeftUpperArm"] = CFrame.new(-0.004735, 0.076491, 0.088478, 0.968569, -0.179757, -0.171937, 0.160983, 0.979922, -0.117629, 0.189630, 0.086254, 0.978059),
      ["LeftUpperLeg"] = CFrame.new(-0.000000, -0.000000, -0.000100, 0.981980, 0.116775, -0.148585, -0.181709, 0.799463, -0.572550, 0.051929, 0.589251, 0.806291),
      ["LowerTorso"] = CFrame.new(0.130979, -0.813706, 1.236161, 0.904245, 0.077386, 0.419943, 0.360861, 0.387298, -0.848398, -0.228297, 0.918701, 0.322287),
      ["Right Arm"] = CFrame.new(-0.440391, 0.543520, -0.255254, 0.948983, 0.305633, -0.077636, -0.237570, 0.854830, 0.461332, 0.207364, -0.419350, 0.883824),
      ["Right Arm.001"] = CFrame.new(-0.000000, -0.000000, 0.000000, 1.000000, -0.000000, -0.000000, 0.000000, 1.000000, -0.000000, -0.000000, -0.000000, 1.000000),
      ["Right Leg"] = CFrame.new(0.036057, 0.317697, 0.064661, 0.915055, 0.315986, -0.250763, -0.242794, 0.927814, 0.283225, 0.322167, -0.198276, 0.925690),
      ["Right Leg.001"] = CFrame.new(0.000000, 0.000000, -0.000000, 1.000000, 0.000000, -0.000000, -0.000000, 1.000000, 0.000000, 0.000000, 0.000000, 1.000000),
      ["RightFoot"] = CFrame.new(-0.000000, 0.010149, -0.000103, 0.975595, 0.130075, 0.176904, -0.099281, 0.979906, -0.172996, -0.195845, 0.151205, 0.968873),
      ["RightHand"] = CFrame.new(-0.000496, 0.005687, -0.000000, 0.994321, 0.091871, -0.053728, -0.104267, 0.739638, -0.664879, -0.021344, 0.666702, 0.745012),
      ["RightLowerArm"] = CFrame.new(-0.000001, 0.102382, 0.081643, 1.000000, 0.000000, 0.000000, -0.000000, 0.177572, -0.984112, -0.000000, 0.984109, 0.177573),
      ["RightLowerLeg"] = CFrame.new(-0.000000, 0.048350, -0.007733, 1.000000, 0.000000, 0.000000, -0.000000, 0.921432, 0.388558, 0.000000, -0.388559, 0.921457),
      ["RightUpperArm"] = CFrame.new(0.057799, -0.240871, -0.025250, 0.883824, 0.129603, -0.449507, 0.461332, -0.081999, 0.883429, 0.077636, -0.988169, -0.132263),
      ["RightUpperLeg"] = CFrame.new(0.000000, -0.000000, -0.000000, 0.985438, -0.144378, -0.089815, 0.114119, 0.953155, -0.280108, 0.126050, 0.265796, 0.955755),
      ["Torso"] = CFrame.new(-0.320685, 2.089795, -1.484006, 0.799553, -0.530762, -0.281081, 0.395360, 0.112830, 0.911570, -0.452112, -0.839977, 0.300056),
      ["UpperTorso"] = CFrame.new(0.003034, -0.058647, -0.019291, 0.976402, 0.154336, 0.151065, -0.126241, 0.975423, -0.180590, -0.175224, 0.157258, 0.971888)
    }},
    {Time = 0.310, Data = {
      ["Head"] = CFrame.new(0.000000, 0.000000, -0.000000, 0.907232, 0.097792, -0.409104, -0.113017, 0.993506, -0.013139, 0.405163, 0.058156, 0.912393),
      ["Head.001"] = CFrame.new(0.000000, -0.000000, 0.000000, -0.907232, -0.409104, 0.097792, 0.113017, -0.013139, 0.993506, -0.405163, 0.912393, 0.058156),
      ["Left Arm"] = CFrame.new(0.025570, 0.005225, -0.034697, 0.991691, 0.071909, -0.106714, -0.081377, 0.992863, -0.087183, 0.099684, 0.095142, 0.990460),
      ["Left Arm.001"] = CFrame.new(-0.000000, 0.000100, -0.000500, 1.000000, 0.000000, 0.000000, 0.000000, 1.000000, 0.000000, -0.000000, 0.000000, 1.000000),
      ["Left Leg"] = CFrame.new(-0.682635, 0.291909, -0.187806, 0.957537, -0.176670, -0.227968, 0.202616, 0.974572, 0.095706, 0.205269, -0.137827, 0.968953),
      ["Left Leg.001"] = CFrame.new(0.000000, -0.000200, -0.000000, 1.000000, 0.000000, -0.000000, -0.000000, 1.000000, 0.000000, 0.000000, 0.000000, 1.000000),
      ["LeftFoot"] = CFrame.new(0.000000, 0.019921, -0.000003, 0.996329, 0.084213, -0.015372, -0.085212, 0.992818, -0.083973, 0.008190, 0.084968, 0.996317),
      ["LeftHand"] = CFrame.new(0.000524, -0.037282, -0.000000, 0.999794, -0.017934, 0.009492, 0.016231, 0.987580, 0.156276, -0.012176, -0.156088, 0.987663),
      ["LeftLowerArm"] = CFrame.new(-0.000499, -0.036596, 0.000088, 1.000000, -0.000000, -0.000000, 0.000000, 1.000000, -0.000001, 0.000000, -0.000000, 1.000006),
      ["LeftLowerLeg"] = CFrame.new(-0.000000, 0.089270, -0.029049, 1.000000, -0.000000, -0.000000, 0.000000, 0.701544, 0.712656, -0.000000, -0.712644, 0.701548),
      ["LeftUpperArm"] = CFrame.new(0.006211, 0.039591, 0.047020, 0.990460, -0.095142, -0.099683, 0.087183, 0.992863, -0.081376, 0.106714, 0.071909, 0.991685),
      ["LeftUpperLeg"] = CFrame.new(-0.000000, 0.000000, -0.000100, 0.978558, 0.052022, -0.199295, -0.167866, 0.762112, -0.625284, 0.119357, 0.645347, 0.754518),
      ["LowerTorso"] = CFrame.new(0.200345, -1.223405, 1.468873, 0.907728, 0.064601, 0.414556, 0.383271, 0.274290, -0.881968, -0.170685, 0.959475, 0.224221),
      ["Right Arm"] = CFrame.new(-0.390822, -0.278301, -0.258975, 0.946025, 0.080861, -0.313858, 0.293903, 0.194198, 0.935900, 0.136629, -0.977624, 0.159951),
      ["Right Arm.001"] = CFrame.new(0.000000, 0.000000, -0.000000, 1.000000, 0.000000, 0.000000, -0.000000, 1.000000, 0.000000, 0.000000, 0.000000, 1.000000),
      ["Right Leg"] = CFrame.new(0.327120, 0.333773, 0.078464, 0.936944, 0.275581, -0.215051, -0.233159, 0.951027, 0.202955, 0.260459, -0.140012, 0.955281),
      ["Right Leg.001"] = CFrame.new(0.000000, 0.000000, -0.000000, 1.000000, 0.000000, -0.000000, -0.000000, 1.000000, 0.000000, -0.000000, -0.000000, 1.000000),
      ["RightFoot"] = CFrame.new(-0.000000, 0.016828, -0.000103, 0.970749, 0.147279, 0.189619, -0.108696, 0.973773, -0.199876, -0.214076, 0.173409, 0.961268),
      ["RightHand"] = CFrame.new(-0.000495, 0.006970, -0.000000, 0.559254, 0.715665, -0.418400, -0.817523, 0.392439, -0.421482, -0.137444, 0.577764, 0.804542),
      ["RightLowerArm"] = CFrame.new(-0.000001, 0.104389, 0.105135, 1.000000, 0.000000, 0.000000, -0.000000, -0.060284, -0.998186, -0.000000, 0.998182, -0.060284),
      ["RightLowerLeg"] = CFrame.new(0.000000, 0.079314, -0.022873, 1.000000, 0.000000, 0.000000, -0.000000, 0.766622, 0.642127, 0.000000, -0.642118, 0.766631),
      ["RightUpperArm"] = CFrame.new(0.419736, -0.478155, -0.143361, 0.159950, 0.195314, -0.967609, 0.935900, 0.281660, 0.211562, 0.313858, -0.939425, -0.137743),
