return {
  ["Rots - flip TO down spin "] = {
    {Time = 0.000, Data = {
      ["Head"] = CFrame.new(-0.000000, 0.000000, -0.000000, 0.995037, 0.011886, -0.098789, -0.064281, 0.834631, -0.547046, 0.075951, 0.550681, 0.831253),
      ["Head.001"] = CFrame.new(0.000000, -0.000000, -0.000000, -0.995037, -0.098789, 0.011886, 0.064281, -0.547046, 0.834631, -0.075950, 0.831253, 0.550681),
      ["Left Arm"] = CFrame.new(0.437377, 0.234475, 0.053324, 0.980913, -0.070935, -0.181073, 0.043428, 0.987490, -0.151582, 0.189560, 0.140825, 0.971718),
      ["Left Arm.001"] = CFrame.new(-0.000000, 0.000100, -0.000500, 1.000000, 0.000000, 0.000000, -0.000000, 1.000000, 0.000000, 0.000000, 0.000000, 1.000000),
      ["Left Leg"] = CFrame.new(-0.270504, 0.772062, 0.255539, 0.781655, 0.623086, -0.028641, -0.620297, 0.771629, -0.140870, -0.065676, 0.127873, 0.989614),
      ["Left Leg.001"] = CFrame.new(0.000000, -0.000200, 0.000000, 1.000000, 0.000000, -0.000000, 0.000000, 1.000000, 0.000000, -0.000000, 0.000000, 1.000000),
      ["LeftFoot"] = CFrame.new(0.000000, 0.027045, -0.000002, 0.982518, 0.041740, -0.181428, -0.140286, 0.806655, -0.574133, 0.122382, 0.589527, 0.798382),
      ["LeftHand"] = CFrame.new(0.000501, -0.002109, -0.000000, 0.974783, 0.192676, -0.112580, -0.145601, 0.166827, -0.975176, -0.169111, 0.966973, 0.190672),
      ["LeftLowerArm"] = CFrame.new(-0.000500, 0.048106, 0.013351, 1.000000, -0.000000, -0.000000, 0.000000, 0.866129, -0.499824, 0.000000, 0.499821, 0.866134),
      ["LeftLowerLeg"] = CFrame.new(-0.000000, 0.111038, -0.050431, 1.000000, -0.000000, -0.000000, 0.000000, 0.479188, 0.877745, -0.000000, -0.877724, 0.479185),
      ["LeftUpperArm"] = CFrame.new(-0.003160, 0.071791, 0.084199, 0.971718, -0.027227, -0.234570, 0.151582, 0.833587, 0.531182, 0.181072, -0.551716, 0.814138),
      ["LeftUpperLeg"] = CFrame.new(0.000000, 0.000000, -0.000100, 0.989129, 0.012134, 0.146550, 0.145399, -0.229691, -0.962345, 0.021984, 0.973185, -0.228937),
      ["LowerTorso"] = CFrame.new(-0.105398, -0.338134, -0.374041, 0.999987, 0.001655, -0.004868, 0.004535, 0.162471, 0.986703, 0.002424, -0.986712, 0.162461),
      ["Right Arm"] = CFrame.new(-0.295435, 0.098943, -0.034173, 0.937909, 0.310241, 0.155197, -0.294648, 0.948589, -0.115592, -0.183081, 0.062686, 0.981098),
      ["Right Arm.001"] = CFrame.new(-0.000000, -0.000000, -0.000000, 1.000000, -0.000000, 0.000000, 0.000000, 1.000000, 0.000000, -0.000000, -0.000000, 1.000000),
      ["Right Leg"] = CFrame.new(-0.199066, 0.566841, -0.055107, 0.341972, -0.908609, -0.239782, 0.888742, 0.395612, -0.231685, 0.305383, -0.133871, 0.942776),
      ["Right Leg.001"] = CFrame.new(-0.000000, 0.000000, 0.000000, 1.000000, -0.000000, 0.000000, -0.000000, 1.000000, 0.000000, 0.000000, 0.000000, 1.000000),
      ["RightFoot"] = CFrame.new(0.000000, 0.022216, -0.000103, 0.929103, 0.179461, 0.323360, -0.132045, 0.977714, -0.163217, -0.345432, 0.108940, 0.932064),
      ["RightHand"] = CFrame.new(-0.000548, -0.073120, 0.000000, 0.978513, -0.174174, 0.110346, 0.091734, -0.111534, -0.989518, 0.184655, 0.978373, -0.093160),
      ["RightLowerArm"] = CFrame.new(-0.000002, -0.072438, 0.000316, 1.000000, 0.000000, 0.000000, -0.000000, 1.000000, -0.000001, -0.000000, -0.000000, 1.000006),
      ["RightLowerLeg"] = CFrame.new(-0.000000, 0.094920, -0.033495, 1.000000, 0.000000, 0.000000, -0.000000, 0.656312, 0.754520, 0.000000, -0.754506, 0.656315),
      ["RightUpperArm"] = CFrame.new(-0.013201, 0.154042, 0.191072, 0.981098, 0.062686, 0.183080, -0.115592, 0.948589, 0.294647, -0.155197, -0.310240, 0.937904),
      ["RightUpperLeg"] = CFrame.new(0.000000, 0.000000, -0.000000, 0.947552, -0.303095, -0.101393, -0.238711, -0.460234, -0.855110, 0.212516, 0.834454, -0.508431),
      ["Torso"] = CFrame.new(-0.042269, -1.304368, -1.061201, 0.999940, -0.010063, 0.004215, 0.006304, 0.217597, -0.976018, 0.008905, 0.975987, 0.217648),
      ["UpperTorso"] = CFrame.new(0.150022, -0.035839, 0.087664, 0.999872, -0.005594, 0.015016, 0.006429, 0.998403, -0.056119, -0.014679, 0.056209, 0.998311)
    }},
    {Time = 0.034, Data = {
      ["Head"] = CFrame.new(0.000000, 0.000000, -0.000000, 0.995037, 0.011886, -0.098789, -0.064281, 0.834631, -0.547046, 0.075951, 0.550681, 0.831253),
      ["Head.001"] = CFrame.new(0.000000, -0.000000, -0.000000, -0.995037, -0.098789, 0.011886, 0.064281, -0.547046, 0.834631, -0.075950, 0.831253, 0.550681),
      ["Left Arm"] = CFrame.new(0.548950, 0.261902, 0.071670, 0.975840, 0.142717, -0.165460, -0.165742, 0.976905, -0.134859, 0.142392, 0.159024, 0.976952),
      ["Left Arm.001"] = CFrame.new(-0.000000, 0.000100, -0.000500, 1.000000, -0.000000, 0.000000, -0.000000, 1.000000, 0.000000, 0.000000, 0.000000, 1.000000),
      ["Left Leg"] = CFrame.new(-0.286581, 0.798223, 0.263813, 0.803263, 0.595222, -0.022837, -0.591666, 0.792793, -0.146401, -0.069038, 0.131106, 0.988962),
      ["Left Leg.001"] = CFrame.new(0.000000, -0.000200, 0.000000, 1.000000, 0.000000, 0.000000, -0.000000, 1.000000, -0.000000, -0.000000, 0.000000, 1.000000),
      ["LeftFoot"] = CFrame.new(-0.000000, 0.027770, -0.000002, 0.981907, 0.046087, -0.183672, -0.141243, 0.824302, -0.548249, 0.126130, 0.564252, 0.815870),
      ["LeftHand"] = CFrame.new(0.000500, -0.000195, -0.000000, 0.979721, 0.172989, -0.101106, -0.159409, 0.367223, -0.916371, -0.121394, 0.913901, 0.387349),
      ["LeftLowerArm"] = CFrame.new(-0.000500, 0.069785, 0.028601, 1.000000, -0.000000, -0.000000, 0.000000, 0.713357, -0.700805, 0.000000, 0.700801, 0.713361),
      ["LeftLowerLeg"] = CFrame.new(0.000000, 0.113617, -0.054395, 1.000000, -0.000000, -0.000000, 0.000000, 0.437998, 0.899009, -0.000000, -0.898987, 0.437993),
      ["LeftUpperArm"] = CFrame.new(-0.000543, 0.063430, 0.076393, 0.976953, -0.013653, -0.213019, 0.134859, 0.813033, 0.566383, 0.165459, -0.582057, 0.796135),
      ["LeftUpperLeg"] = CFrame.new(0.000000, 0.000000, -0.000100, 0.988356, 0.020421, 0.150785, 0.151328, -0.235507, -0.960022, 0.015906, 0.971655, -0.235835),
      ["LowerTorso"] = CFrame.new(-0.104788, -0.360956, -0.381094, 0.999987, 0.001654, -0.004860, 0.004544, 0.155466, 0.987831, 0.002389, -0.987840, 0.155457),
      ["Right Arm"] = CFrame.new(-0.276387, 0.121805, -0.032553, 0.945837, 0.287930, 0.149990, -0.273864, 0.955722, -0.107677, -0.174353, 0.060768, 0.982807),
      ["Right Arm.001"] = CFrame.new(0.000000, 0.000000, 0.000000, 1.000000, 0.000000, 0.000000, -0.000000, 1.000000, 0.000000, 0.000000, 0.000000, 1.000000),
      ["Right Leg"] = CFrame.new(-0.217491, 0.649151, -0.045278, 0.391057, -0.886209, -0.248433, 0.866308, 0.445571, -0.225885, 0.310888, -0.126883, 0.941943),
      ["Right Leg.001"] = CFrame.new(0.000000, 0.000000, -0.000000, 1.000000, 0.000000, -0.000000, 0.000000, 1.000000, 0.000000, -0.000000, 0.000000, 1.000000),
      ["RightFoot"] = CFrame.new(-0.000000, 0.024991, -0.000103, 0.928838, 0.179956, 0.323846, -0.123110, 0.974358, -0.188336, -0.349421, 0.135058, 0.927145),
      ["RightHand"] = CFrame.new(-0.000528, -0.042383, 0.000000, 0.980330, -0.166690, 0.105673, 0.089936, -0.099307, -0.990984, 0.175681, 0.980991, -0.082363),
      ["RightLowerArm"] = CFrame.new(-0.000001, -0.041821, 0.000161, 1.000000, 0.000000, 0.000000, -0.000000, 1.000000, -0.000001, -0.000000, -0.000000, 1.000006),
      ["RightLowerLeg"] = CFrame.new(0.000000, 0.103756, -0.041885, 1.000000, 0.000000, 0.000000, -0.000000, 0.569135, 0.822276, 0.000000, -0.822259, 0.569133),
      ["RightUpperArm"] = CFrame.new(-0.014056, 0.150085, 0.188468, 0.982807, 0.060768, 0.174352, -0.107677, 0.955722, 0.273864, -0.149990, -0.287929, 0.945832),
      ["RightUpperLeg"] = CFrame.new(0.000000, 0.000000, -0.000000, 0.946817, -0.312824, -0.075362, -0.232485, -0.503158, -0.832344, 0.222459, 0.805586, -0.549109),
      ["Torso"] = CFrame.new(-0.042164, -1.313034, -1.093519, 0.999940, -0.010063, 0.004215, 0.006204, 0.206663, -0.978392, 0.008975, 0.978360, 0.206713),
      ["UpperTorso"] = CFrame.new(0.149307, -0.036746, 0.087319, 0.999872, -0.005613, 0.015003, 0.006387, 0.998625, -0.052032, -0.014690, 0.052121, 0.998533)
    }},
    {Time = 0.069, Data = {
      ["Head"] = CFrame.new(0.000000, -0.000000, -0.000000, 0.995037, 0.011886, -0.098789, -0.064281, 0.834631, -0.547046, 0.075951, 0.550681, 0.831253),
      ["Head.001"] = CFrame.new(0.000000, -0.000000, 0.000000, -0.995037, -0.098789, 0.011886, 0.064281, -0.547046, 0.834631, -0.075950, 0.831253, 0.550681),
      ["Left Arm"] = CFrame.new(0.661096, 0.231754, 0.076982, 0.899361, 0.411610, -0.147425, -0.428963, 0.895916, -0.115449, 0.084560, 0.167070, 0.982312),
      ["Left Arm.001"] = CFrame.new(0.000000, 0.000100, -0.000500, 1.000000, 0.000000, -0.000000, -0.000000, 1.000000, -0.000000, -0.000000, -0.000000, 1.000000),
      ["Left Leg"] = CFrame.new(-0.311204, 0.832081, 0.275236, 0.832289, 0.554209, -0.013833, -0.549473, 0.821287, -0.153580, -0.073758, 0.135420, 0.988039),
      ["Left Leg.001"] = CFrame.new(-0.000000, -0.000200, 0.000000, 1.000000, 0.000000, 0.000000, -0.000000, 1.000000, 0.000000, -0.000000, 0.000000, 1.000000),
      ["LeftFoot"] = CFrame.new(-0.000000, 0.028710, -0.000002, 0.980977, 0.052392, -0.186920, -0.142317, 0.848956, -0.508940, 0.132017, 0.525843, 0.840234),
      ["LeftHand"] = CFrame.new(0.000499, 0.001502, 0.000000, 0.984735, 0.150248, -0.087879, -0.161763, 0.603563, -0.780733, -0.064263, 0.783028, 0.618650),
      ["LeftLowerArm"] = CFrame.new(-0.000500, 0.087055, 0.048986, 1.000000, -0.000000, -0.000000, 0.000000, 0.508623, -0.860994, 0.000000, 0.860990, 0.508625),
      ["LeftLowerLeg"] = CFrame.new(0.000000, 0.116743, -0.059893, 1.000000, -0.000000, -0.000000, 0.000000, 0.380830, 0.924678, -0.000000, -0.924655, 0.380823),
      ["LeftUpperArm"] = CFrame.new(0.002137, 0.053725, 0.067375, 0.982312, -0.012170, -0.186854, 0.115449, 0.825014, 0.553194, 0.147424, -0.564982, 0.811825),
      ["LeftUpperLeg"] = CFrame.new(-0.000000, 0.000000, -0.000100, 0.987253, 0.032419, 0.155821, 0.159033, -0.239604, -0.957760, 0.006286, 0.970327, -0.241685),
      ["LowerTorso"] = CFrame.new(-0.103755, -0.394122, -0.391502, 0.999987, 0.001651, -0.004848, 0.004559, 0.144237, 0.989533, 0.002333, -0.989542, 0.144228),
      ["Right Arm"] = CFrame.new(-0.323139, 0.179810, -0.017360, 0.971883, 0.188330, 0.141367, -0.175994, 0.979766, -0.095317, -0.156458, 0.067757, 0.985358),
      ["Right Arm.001"] = CFrame.new(-0.000000, -0.000000, -0.000000, 1.000000, 0.000000, -0.000000, 0.000000, 1.000000, -0.000000, 0.000000, -0.000000, 1.000000),
      ["Right Leg"] = CFrame.new(-0.240255, 0.763150, -0.034074, 0.459821, -0.848196, -0.262948, 0.828464, 0.516354, -0.216961, 0.319811, -0.118075, 0.940099),
      ["Right Leg.001"] = CFrame.new(-0.000000, 0.000000, -0.000000, 1.000000, -0.000000, 0.000000, -0.000000, 1.000000, 0.000000, 0.000000, -0.000000, 1.000000),
      ["RightFoot"] = CFrame.new(-0.000000, 0.028034, -0.000102, 0.927824, 0.181838, 0.325695, -0.111857, 0.968584, -0.222113, -0.355838, 0.169646, 0.918985),
      ["RightHand"] = CFrame.new(-0.000504, -0.005505, 0.000000, 0.983060, -0.154756, 0.098207, 0.097111, -0.014642, -0.995166, 0.155445, 0.987840, 0.000633),
      ["RightLowerArm"] = CFrame.new(-0.000000, 0.007927, 0.000837, 1.000000, 0.000000, 0.000000, -0.000000, 0.991462, -0.130397, -0.000000, 0.130395, 0.991467),
      ["RightLowerLeg"] = CFrame.new(-0.000000, 0.113630, -0.054841, 1.000000, 0.000000, 0.000000, -0.000000, 0.434406, 0.900750, 0.000000, -0.900729, 0.434400),
      ["RightUpperArm"] = CFrame.new(-0.015331, 0.143904, 0.184156, 0.985358, 0.046777, 0.163957, -0.095317, 0.948452, 0.302248, -0.141367, -0.313451, 0.939022),
      ["RightUpperLeg"] = CFrame.new(0.000000, 0.000000, -0.000000, 0.945142, -0.324630, -0.036363, -0.222754, -0.559098, -0.798628, 0.238929, 0.762902, -0.600723),
      ["Torso"] = CFrame.new(-0.041998, -1.325832, -1.142004, 0.999940, -0.010063, 0.004215, 0.006042, 0.189119, -0.981936, 0.009084, 0.981903, 0.189168),
      ["UpperTorso"] = CFrame.new(0.148107, -0.038203, 0.086664, 0.999872, -0.005644, 0.014981, 0.006320, 0.998944, -0.045497, -0.014708, 0.045586, 0.998852)
    }},
    {Time = 0.103, Data = {
      ["Head"] = CFrame.new(0.000000, 0.000000, 0.000000, 0.995037, 0.011886, -0.098789, -0.064281, 0.834631, -0.547046, 0.075951, 0.550681, 0.831253),
      ["Head.001"] = CFrame.new(0.000000, 0.000000, -0.000000, -0.995037, -0.098789, 0.011886, 0.064281, -0.547046, 0.834631, -0.075950, 0.831253, 0.550681),
      ["Left Arm"] = CFrame.new(0.725796, 0.114995, 0.065223, 0.726707, 0.674324, -0.131102, -0.686360, 0.720668, -0.097742, 0.028571, 0.161012, 0.986539),
      ["Left Arm.001"] = CFrame.new(0.000000, 0.000100, -0.000500, 1.000000, 0.000000, -0.000000, 0.000000, 1.000000, 0.000000, 0.000000, 0.000000, 1.000000),
      ["Left Leg"] = CFrame.new(-0.342607, 0.866241, 0.287489, 0.863352, 0.504644, -0.002261, -0.498435, 0.851950, -0.160505, -0.079075, 0.139694, 0.987033),
      ["Left Leg.001"] = CFrame.new(-0.000000, -0.000200, 0.000000, 1.000000, -0.000000, -0.000000, 0.000000, 1.000000, 0.000000, -0.000000, 0.000000, 1.000000),
      ["LeftFoot"] = CFrame.new(-0.000000, 0.029619, -0.000002, 0.979822, 0.059790, -0.190720, -0.142958, 0.876512, -0.459664, 0.139679, 0.477640, 0.867342),
      ["LeftHand"] = CFrame.new(0.000498, 0.003334, 0.000000, 0.988645, 0.129656, -0.075958, -0.149874, 0.814269, -0.560806, -0.010861, 0.565821, 0.824451),
      ["LeftLowerArm"] = CFrame.new(-0.000500, 0.096665, 0.066913, 1.000000, -0.000000, -0.000000, 0.000000, 0.327729, -0.944777, 0.000000, 0.944773, 0.327730),
      ["LeftLowerLeg"] = CFrame.new(-0.000000, 0.119595, -0.065957, 1.000000, -0.000000, -0.000000, 0.000000, 0.317748, 0.948209, -0.000000, -0.948183, 0.317740),
      ["LeftUpperArm"] = CFrame.new(0.004250, 0.044871, 0.059214, 0.986539, -0.025775, -0.161483, 0.097742, 0.884634, 0.455927, 0.131102, -0.465573, 0.875244),
      ["LeftUpperLeg"] = CFrame.new(0.000000, -0.000000, -0.000100, 0.986028, 0.046371, 0.159998, 0.166459, -0.237526, -0.957016, -0.006374, 0.970271, -0.241906),
      ["LowerTorso"] = CFrame.new(-0.102285, -0.433645, -0.404187, 0.999987, 0.001648, -0.004832, 0.004579, 0.129144, 0.991615, 0.002258, -0.991625, 0.129134),
      ["Right Arm"] = CFrame.new(-0.539573, 0.269530, 0.020049, 0.988669, -0.076190, 0.129371, 0.086920, 0.993046, -0.079405, -0.122422, 0.089749, 0.988412),
      ["Right Arm.001"] = CFrame.new(-0.000000, -0.000000, 0.000000, 1.000000, 0.000000, 0.000000, 0.000000, 1.000000, -0.000000, 0.000000, -0.000000, 1.000000),
      ["Right Leg"] = CFrame.new(-0.259397, 0.890954, -0.025008, 0.538300, -0.793479, -0.283970, 0.774244, 0.598695, -0.205316, 0.332937, -0.109335, 0.936593),
      ["Right Leg.001"] = CFrame.new(0.000000, -0.000000, 0.000000, 1.000000, 0.000000, 0.000000, -0.000000, 1.000000, -0.000000, 0.000000, 0.000000, 1.000000),
      ["RightFoot"] = CFrame.new(0.000000, 0.030471, -0.000102, 0.925296, 0.186467, 0.330238, -0.100832, 0.960395, -0.259761, -0.365583, 0.207055, 0.907419),
      ["RightHand"] = CFrame.new(-0.000500, -0.000236, -0.000000, 0.986358, -0.138944, 0.088268, 0.118272, 0.225228, -0.967101, 0.114492, 0.964344, 0.238586),
      ["RightLowerArm"] = CFrame.new(0.000000, 0.053135, 0.015350, 1.000000, 0.000000, 0.000000, -0.000000, 0.845995, -0.533196, -0.000000, 0.533192, 0.845999),
      ["RightLowerLeg"] = CFrame.new(0.000000, 0.121309, -0.070980, 1.000000, 0.000000, 0.000000, -0.000000, 0.266512, 0.963866, 0.000000, -0.963839, 0.266502),
      ["RightUpperArm"] = CFrame.new(-0.016859, 0.135949, 0.178159, 0.988412, 0.010654, 0.151421, -0.079405, 0.886456, 0.455951, -0.129370, -0.462691, 0.877028),
      ["RightUpperLeg"] = CFrame.new(0.000000, -0.000000, 0.000000, 0.941886, -0.335725, 0.011812, -0.209769, -0.615267, -0.759909, 0.262389, 0.713253, -0.649920),
      ["Torso"] = CFrame.new(-0.041776, -1.341346, -1.202275, 0.999940, -0.010063, 0.004215, 0.005822, 0.165489, -0.986194, 0.009227, 0.986160, 0.165538),
      ["UpperTorso"] = CFrame.new(0.146413, -0.040156, 0.085624, 0.999872, -0.005684, 0.014952, 0.006230, 0.999306, -0.036730, -0.014733, 0.036819, 0.999213)
    }},
    {Time = 0.138, Data = {
      ["Head"] = CFrame.new(-0.000000, -0.000000, -0.000000, 0.995037, 0.011886, -0.098789, -0.064281, 0.834631, -0.547046, 0.075951, 0.550681, 0.831253),
      ["Head.001"] = CFrame.new(0.000000, -0.000000, -0.000000, -0.995037, -0.098789, 0.011886, 0.064281, -0.547046, 0.834631, -0.075950, 0.831253, 0.550681),
      ["Left Arm"] = CFrame.new(0.697265, -0.066399, 0.040266, 0.477057, 0.870898, -0.118130, -0.878711, 0.470014, -0.083439, -0.017144, 0.143606, 0.989486),
      ["Left Arm.001"] = CFrame.new(0.000000, 0.000100, -0.000500, 1.000000, 0.000000, -0.000000, -0.000000, 1.000000, -0.000000, -0.000000, 0.000000, 1.000000),
      ["Left Leg"] = CFrame.new(-0.378186, 0.895273, 0.298028, 0.892086, 0.451790, 0.010882, -0.444010, 0.880642, -0.165345, -0.084289, 0.142665, 0.986176),
      ["Left Leg.001"] = CFrame.new(0.000000, -0.000200, 0.000000, 1.000000, 0.000000, -0.000000, -0.000000, 1.000000, 0.000000, -0.000000, -0.000000, 1.000000),
      ["LeftFoot"] = CFrame.new(-0.000000, 0.030326, -0.000002, 0.978585, 0.067261, -0.194546, -0.142506, 0.903372, -0.404490, 0.148535, 0.423540, 0.893579),
      ["LeftHand"] = CFrame.new(0.000497, 0.003965, 0.000000, 0.991336, 0.113245, -0.066539, -0.127728, 0.949261, -0.287383, 0.030618, 0.293392, 0.955497),
      ["LeftLowerArm"] = CFrame.new(-0.000499, 0.099874, 0.076584, 1.000000, -0.000000, -0.000000, 0.000000, 0.230138, -0.973163, 0.000000, 0.973159, 0.230139),
      ["LeftLowerLeg"] = CFrame.new(-0.000000, 0.121751, -0.071658, 1.000000, -0.000000, -0.000000, 0.000000, 0.258436, 0.966063, -0.000000, -0.966035, 0.258427),
      ["LeftUpperArm"] = CFrame.new(0.005724, 0.037719, 0.052728, 0.989487, -0.049733, -0.135806, 0.083439, 0.963288, 0.255174, 0.118129, -0.263822, 0.957309),
      ["LeftUpperLeg"] = CFrame.new(0.000000, 0.000000, -0.000100, 0.984940, 0.060302, 0.162043, 0.171602, -0.226380, -0.958807, -0.021134, 0.972168, -0.233297),
      ["LowerTorso"] = CFrame.new(-0.100365, -0.475538, -0.418076, 0.999987, 0.001644, -0.004814, 0.004603, 0.110546, 0.993860, 0.002166, -0.993870, 0.110537),
      ["Right Arm"] = CFrame.new(-0.688329, 0.302572, 0.035816, 0.947305, -0.299293, 0.114213, 0.307401, 0.949613, -0.061163, -0.090153, 0.093049, 0.991572),
      ["Right Arm.001"] = CFrame.new(-0.000000, -0.000000, 0.000000, 1.000000, 0.000000, 0.000000, -0.000000, 1.000000, 0.000000, -0.000000, 0.000000, 1.000000),
      ["Right Leg"] = CFrame.new(-0.265561, 1.019092, -0.019432, 0.618915, -0.720703, -0.312330, 0.702382, 0.685799, -0.190735, 0.351671, -0.101320, 0.930629),
      ["Right Leg.001"] = CFrame.new(-0.000000, 0.000000, 0.000000, 1.000000, 0.000000, 0.000000, 0.000000, 1.000000, 0.000000, -0.000000, 0.000000, 1.000000),
      ["RightFoot"] = CFrame.new(-0.000000, 0.032138, -0.000102, 0.920342, 0.195283, 0.338872, -0.091187, 0.949690, -0.299628, -0.380322, 0.244859, 0.891814),
      ["RightHand"] = CFrame.new(-0.000498, 0.002349, 0.000000, 0.989821, -0.120059, 0.076415, 0.119801, 0.413103, -0.902770, 0.076818, 0.902732, 0.423278),
      ["RightLowerArm"] = CFrame.new(-0.000000, 0.078729, 0.035830, 1.000000, 0.000000, 0.000000, -0.000000, 0.640042, -0.768344, -0.000000, 0.768340, 0.640045),
      ["RightLowerLeg"] = CFrame.new(-0.000000, 0.125289, -0.088446, 1.000000, 0.000000, 0.000000, -0.000000, 0.084810, 0.996433, 0.000000, -0.996399, 0.084797),
      ["RightUpperArm"] = CFrame.new(-0.018438, 0.126827, 0.170580, 0.991572, -0.009713, 0.129194, -0.061163, 0.843979, 0.532877, -0.114213, -0.536288, 0.836271),
      ["RightUpperLeg"] = CFrame.new(0.000000, 0.000000, -0.000000, 0.936263, -0.345148, 0.065451, -0.193075, -0.661226, -0.724928, 0.293486, 0.666069, -0.685706),
      ["Torso"] = CFrame.new(-0.041505, -1.358122, -1.269947, 0.999940, -0.010063, 0.004215, 0.005547, 0.136302, -0.990652, 0.009394, 0.990616, 0.136350),
      ["UpperTorso"] = CFrame.new(0.144219, -0.042542, 0.084119, 0.999872, -0.005733, 0.014918, 0.006119, 0.999645, -0.025941, -0.014764, 0.026029, 0.999552)
    }},
    {Time = 0.172, Data = {
      ["Head"] = CFrame.new(-0.000000, -0.000000, 0.000000, 0.995037, 0.011886, -0.098789, -0.064281, 0.834631, -0.547046, 0.075951, 0.550681, 0.831253),
      ["Head.001"] = CFrame.new(0.000000, 0.000000, 0.000000, -0.995037, -0.098789, 0.011886, 0.064281, -0.547046, 0.834631, -0.075950, 0.831253, 0.550681),
      ["Left Arm"] = CFrame.new(0.562029, -0.234530, 0.010847, 0.219964, 0.969419, -0.108824, -0.974362, 0.212917, -0.072760, -0.047365, 0.122039, 0.991394),
      ["Left Arm.001"] = CFrame.new(-0.000000, 0.000100, -0.000500, 1.000000, -0.000000, 0.000000, 0.000000, 1.000000, 0.000000, -0.000000, 0.000000, 1.000000),
      ["Left Leg"] = CFrame.new(-0.414215, 0.916423, 0.304487, 0.915494, 0.401676, 0.024099, -0.392503, 0.904520, -0.166721, -0.088770, 0.143169, 0.985709),
      ["Left Leg.001"] = CFrame.new(0.000000, -0.000200, -0.000000, 1.000000, 0.000000, -0.000000, -0.000000, 1.000000, -0.000000, 0.000000, -0.000000, 1.000000),
      ["LeftFoot"] = CFrame.new(0.000000, 0.030652, -0.000002, 0.977467, 0.073665, -0.197816, -0.140301, 0.926900, -0.348101, 0.157707, 0.368002, 0.916316),
      ["LeftHand"] = CFrame.new(0.000497, 0.003864, 0.000000, 0.993052, 0.101354, -0.059785, -0.103357, 0.994148, -0.031399, 0.056252, 0.037361, 0.997713),
      ["LeftLowerArm"] = CFrame.new(-0.000499, 0.099564, 0.075552, 1.000000, -0.000000, -0.000000, 0.000000, 0.240578, -0.970634, 0.000000, 0.970631, 0.240579),
      ["LeftLowerLeg"] = CFrame.new(0.000000, 0.123035, -0.076246, 1.000000, -0.000000, -0.000000, 0.000000, 0.210817, 0.977560, -0.000000, -0.977531, 0.210808),
      ["LeftUpperArm"] = CFrame.new(0.006678, 0.032380, 0.048075, 0.991395, -0.075333, -0.107059, 0.072760, 0.996964, -0.027746, 0.108824, 0.019719, 0.993864),
      ["LeftUpperLeg"] = CFrame.new(0.000000, 0.000000, -0.000100, 0.984260, 0.072278, 0.161270, 0.172927, -0.205715, -0.963215, -0.036444, 0.975937, -0.214955),
      ["LowerTorso"] = CFrame.new(-0.097982, -0.515816, -0.432102, 0.999987, 0.001639, -0.004796, 0.004632, 0.088808, 0.996038, 0.002058, -0.996047, 0.088799),
      ["Right Arm"] = CFrame.new(-0.794025, 0.289082, 0.037750, 0.863411, -0.495151, 0.096708, 0.500594, 0.864656, -0.042176, -0.062736, 0.084826, 0.994419),
      ["Right Arm.001"] = CFrame.new(-0.000000, 0.000000, 0.000000, 1.000000, -0.000000, -0.000000, 0.000000, 1.000000, -0.000000, 0.000000, 0.000000, 1.000000),
      ["Right Leg"] = CFrame.new(-0.247341, 1.138463, -0.015829, 0.696157, -0.627661, -0.348470, 0.610755, 0.772909, -0.172108, 0.377375, -0.093008, 0.921383),
      ["Right Leg.001"] = CFrame.new(-0.000000, 0.000000, -0.000000, 1.000000, -0.000000, 0.000000, -0.000000, 1.000000, -0.000000, -0.000000, 0.000000, 1.000000),
      ["RightFoot"] = CFrame.new(0.000000, 0.033308, -0.000101, 0.912029, 0.209399, 0.352640, -0.082181, 0.935705, -0.343083, -0.401794, 0.283919, 0.870565),
      ["RightHand"] = CFrame.new(-0.000496, 0.005510, 0.000000, 0.993012, -0.099471, 0.063507, 0.109173, 0.569899, -0.814430, 0.044819, 0.815669, 0.576773),
      ["RightLowerArm"] = CFrame.new(-0.000000, 0.094185, 0.055930, 1.000000, 0.000000, 0.000000, -0.000000, 0.436382, -0.899766, -0.000000, 0.899762, 0.436385),
      ["RightLowerLeg"] = CFrame.new(-0.000000, 0.125641, -0.105301, 1.000000, 0.000000, 0.000000, -0.000000, -0.090624, 0.995923, 0.000000, -0.995883, -0.090641),
      ["RightUpperArm"] = CFrame.new(-0.019862, 0.117334, 0.161827, 0.994419, -0.019431, 0.103700, -0.042176, 0.827733, 0.559534, -0.096708, -0.560785, 0.822293),
      ["RightUpperLeg"] = CFrame.new(0.000000, 0.000000, 0.000000, 0.927447, -0.353935, 0.120703, -0.171225, -0.688896, -0.704359, 0.332450, 0.632572, -0.699504),
      ["Torso"] = CFrame.new(-0.041192, -1.374689, -1.340621, 0.999941, -0.010063, 0.004215, 0.005221, 0.102110, -0.994759, 0.009580, 0.994722, 0.102157),
      ["UpperTorso"] = CFrame.new(0.141516, -0.045288, 0.082069, 0.999873, -0.005789, 0.014880, 0.005988, 0.999893, -0.013351, -0.014801, 0.013438, 0.999800)
    }},
    {Time = 0.207, Data = {
      ["Head"] = CFrame.new(-0.000000, 0.000000, -0.000000, 0.995037, 0.011886, -0.098789, -0.064281, 0.834631, -0.547046, 0.075951, 0.550681, 0.831253),
      ["Head.001"] = CFrame.new(0.000000, 0.000000, 0.000000, -0.995037, -0.098789, 0.011886, 0.064281, -0.547046, 0.834631, -0.075950, 0.831253, 0.550681),
      ["Left Arm"] = CFrame.new(0.373753, -0.320414, -0.013451, 0.020748, 0.994460, -0.103052, -0.997766, 0.014043, -0.065381, -0.063572, 0.104178, 0.992525),
      ["Left Arm.001"] = CFrame.new(0.000000, 0.000100, -0.000500, 1.000000, -0.000000, -0.000000, -0.000000, 1.000000, 0.000000, -0.000000, -0.000000, 1.000000),
      ["Left Leg"] = CFrame.new(-0.445170, 0.928632, 0.305017, 0.931742, 0.361456, 0.035509, -0.351356, 0.921755, -0.164094, -0.092048, 0.140413, 0.985805),
      ["Left Leg.001"] = CFrame.new(0.000000, -0.000200, -0.000000, 1.000000, -0.000000, 0.000000, 0.000000, 1.000000, 0.000000, 0.000000, -0.000000, 1.000000),
      ["LeftFoot"] = CFrame.new(0.000000, 0.031002, -0.000002, 0.976713, 0.077826, -0.199937, -0.135765, 0.945781, -0.295075, 0.166125, 0.315342, 0.934288),
      ["LeftHand"] = CFrame.new(0.000498, 0.003303, 0.000000, 0.994051, 0.093728, -0.055486, -0.084366, 0.984769, 0.152029, 0.068890, -0.146441, 0.986813),
      ["LeftLowerArm"] = CFrame.new(-0.000499, 0.096454, 0.066368, 1.000000, -0.000000, -0.000000, 0.000000, 0.333213, -0.942856, 0.000000, 0.942852, 0.333215),
      ["LeftLowerLeg"] = CFrame.new(-0.000000, 0.123783, -0.079066, 1.000000, -0.000000, -0.000000, 0.000000, 0.181447, 0.983436, -0.000000, -0.983405, 0.181437),
      ["LeftUpperArm"] = CFrame.new(0.007243, 0.028691, 0.045188, 0.992525, -0.094652, -0.077041, 0.065381, 0.945420, -0.319227, 0.103052, 0.311805, 0.944541),
      ["LeftUpperLeg"] = CFrame.new(0.000000, 0.000000, -0.000100, 0.984193, 0.080647, 0.157674, 0.169820, -0.177104, -0.969433, -0.050257, 0.980880, -0.187979),
      ["LowerTorso"] = CFrame.new(-0.095121, -0.550497, -0.445198, 0.999987, 0.001633, -0.004778, 0.004663, 0.064303, 0.997919, 0.001937, -0.997929, 0.064295),
      ["Right Arm"] = CFrame.new(-0.864545, 0.232348, 0.031592, 0.743259, -0.664407, 0.078317, 0.667681, 0.744056, -0.024235, -0.042170, 0.070304, 0.996634),
      ["Right Arm.001"] = CFrame.new(-0.000000, 0.000000, -0.000000, 1.000000, 0.000000, -0.000000, 0.000000, 1.000000, 0.000000, 0.000000, -0.000000, 1.000000),
      ["Right Leg"] = CFrame.new(-0.191121, 1.241344, -0.009167, 0.765029, -0.511551, -0.391254, 0.496594, 0.855379, -0.147453, 0.410115, -0.081482, 0.908393),
      ["Right Leg.001"] = CFrame.new(0.000000, 0.000000, -0.000000, 1.000000, 0.000000, 0.000000, -0.000000, 1.000000, 0.000000, -0.000000, 0.000000, 1.000000),
      ["RightFoot"] = CFrame.new(-0.000000, 0.034132, -0.000101, 0.899778, 0.228862, 0.371512, -0.070972, 0.916835, -0.392910, -0.430522, 0.327161, 0.841159),
      ["RightHand"] = CFrame.new(-0.000495, 0.007200, 0.000000, 0.995581, -0.079040, 0.050711, 0.091693, 0.701566, -0.706680, 0.020279, 0.708204, 0.705710),
      ["RightLowerArm"] = CFrame.new(-0.000001, 0.101826, 0.073299, 1.000000, 0.000000, 0.000000, -0.000000, 0.260128, -0.965579, -0.000000, 0.965575, 0.260129),
      ["RightLowerLeg"] = CFrame.new(0.000000, 0.123318, -0.119817, 1.000000, 0.000000, 0.000000, -0.000000, -0.241804, 0.970362, 0.000000, -0.970321, -0.241825),
      ["RightUpperArm"] = CFrame.new(-0.020970, 0.108364, 0.152632, 0.996634, -0.022431, 0.078853, -0.024235, 0.838242, 0.544760, -0.078317, -0.544837, 0.834875),
      ["RightUpperLeg"] = CFrame.new(0.000000, 0.000000, -0.000000, 0.914946, -0.364968, 0.172248, -0.141830, -0.690379, -0.709419, 0.377833, 0.624636, -0.683411),
      ["Torso"] = CFrame.new(-0.040842, -1.389573, -1.409874, 0.999940, -0.010063, 0.004215, 0.004846, 0.063511, -0.997969, 0.009775, 0.997930, 0.063556),
      ["UpperTorso"] = CFrame.new(0.138299, -0.048306, 0.079394, 0.999873, -0.005851, 0.014839, 0.005840, 0.999983, 0.000806, -0.014844, -0.000720, 0.999890)
    }},
    {Time = 0.241, Data = {
      ["Head"] = CFrame.new(-0.000000, -0.000000, -0.000000, 0.995037, 0.011886, -0.098789, -0.064281, 0.834631, -0.547046, 0.075951, 0.550681, 0.831253),
      ["Head.001"] = CFrame.new(0.000000, -0.000000, -0.000000, -0.995037, -0.098789, 0.011886, 0.064281, -0.547046, 0.834631, -0.075950, 0.831253, 0.550681),
      ["Left Arm"] = CFrame.new(0.206361, -0.328374, -0.028970, -0.112037, 0.988593, -0.100661, -0.991083, -0.118523, -0.060951, -0.072187, 0.092934, 0.993052),
      ["Left Arm.001"] = CFrame.new(0.000000, 0.000100, -0.000500, 1.000000, -0.000000, 0.000000, -0.000000, 1.000000, 0.000000, -0.000000, 0.000000, 1.000000),
      ["Left Leg"] = CFrame.new(-0.465229, 0.933842, 0.298991, 0.940200, 0.337950, 0.043244, -0.327599, 0.931532, -0.157911, -0.093654, 0.134297, 0.986506),
      ["Left Leg.001"] = CFrame.new(0.000000, -0.000200, -0.000000, 1.000000, -0.000000, -0.000000, 0.000000, 1.000000, 0.000000, 0.000000, -0.000000, 1.000000),
      ["LeftFoot"] = CFrame.new(-0.000000, 0.031108, -0.000002, 0.976563, 0.078642, -0.200353, -0.128716, 0.959447, -0.250791, 0.172498, 0.270698, 0.947048),
      ["LeftHand"] = CFrame.new(0.000498, 0.002004, 0.000000, 0.994500, 0.090075, -0.053447, -0.072867, 0.961573, 0.264700, 0.075235, -0.259347, 0.962844),
      ["LeftLowerArm"] = CFrame.new(-0.000500, 0.090883, 0.055362, 1.000000, -0.000000, -0.000000, 0.000000, 0.444447, -0.895810, 0.000000, 0.895806, 0.444449),
      ["LeftLowerLeg"] = CFrame.new(0.000000, 0.123990, -0.079913, 1.000000, -0.000000, -0.000000, 0.000000, 0.172626, 0.985023, -0.000000, -0.984992, 0.172616),
      ["LeftUpperArm"] = CFrame.new(0.007507, 0.026476, 0.043993, 0.993052, -0.105969, -0.051168, 0.060951, 0.835136, -0.546655, 0.100661, 0.539739, 0.835792),
      ["LeftUpperLeg"] = CFrame.new(-0.000000, -0.000000, -0.000100, 0.984806, 0.084580, 0.151669, 0.162785, -0.145443, -0.975884, -0.060481, 0.985742, -0.156980),
      ["LowerTorso"] = CFrame.new(-0.091770, -0.575602, -0.456293, 0.999987, 0.001627, -0.004762, 0.004698, 0.037413, 0.999289, 0.001804, -0.999299, 0.037404),
      ["Right Arm"] = CFrame.new(-0.893588, 0.140246, 0.022132, 0.599713, -0.797884, 0.061060, 0.799679, 0.600365, -0.009043, -0.029443, 0.054251, 0.998093),
      ["Right Arm.001"] = CFrame.new(-0.000000, -0.000000, -0.000000, 1.000000, -0.000000, -0.000000, -0.000000, 1.000000, 0.000000, 0.000000, -0.000000, 1.000000),
      ["Right Leg"] = CFrame.new(-0.086040, 1.317616, 0.008124, 0.819538, -0.371867, -0.436022, 0.359278, 0.926166, -0.114654, 0.446480, -0.062685, 0.892602),
      ["Right Leg.001"] = CFrame.new(-0.000000, 0.000000, -0.000000, 1.000000, 0.000000, 0.000000, -0.000000, 1.000000, -0.000000, 0.000000, 0.000000, 1.000000),
      ["RightFoot"] = CFrame.new(-0.000000, 0.034764, -0.000100, 0.884418, 0.251400, 0.393195, -0.053410, 0.891497, -0.449870, -0.463613, 0.376864, 0.801853),
      ["RightHand"] = CFrame.new(-0.000495, 0.007996, 0.000000, 0.997365, -0.060920, 0.039388, 0.072416, 0.803926, -0.590304, 0.004296, 0.591598, 0.806216),
      ["RightLowerArm"] = CFrame.new(-0.000000, 0.104783, 0.085647, 1.000000, 0.000000, -0.000000, 0.000000, 0.134836, -0.990873, -0.000000, 0.990869, 0.134837),
      ["RightLowerLeg"] = CFrame.new(0.000000, 0.119873, -0.130751, 1.000000, 0.000000, 0.000000, -0.000000, -0.355766, 0.934611, 0.000000, -0.934570, -0.355790),
      ["RightUpperArm"] = CFrame.new(-0.021699, 0.100767, 0.144003, 0.998093, -0.021859, 0.057726, -0.009043, 0.873324, 0.487057, -0.061059, -0.486650, 0.871460),
      ["RightUpperLeg"] = CFrame.new(0.000000, 0.000000, -0.000000, 0.899620, -0.381587, 0.212303, -0.102473, -0.657100, -0.746814, 0.424481, 0.650082, -0.630231),
      ["Torso"] = CFrame.new(-0.040463, -1.401323, -1.473244, 0.999940, -0.010063, 0.004215, 0.004427, 0.021160, -0.999766, 0.009971, 0.999725, 0.021203),
      ["UpperTorso"] = CFrame.new(0.134559, -0.051499, 0.076020, 0.999873, -0.005919, 0.014797, 0.005678, 0.999852, 0.016274, -0.014892, -0.016187, 0.999758)
    }},
    {Time = 0.276, Data = {
      ["Head"] = CFrame.new(-0.000000, 0.000000, -0.000000, 0.995037, 0.011886, -0.098789, -0.064281, 0.834631, -0.547046, 0.075951, 0.550681, 0.831253),
      ["Head.001"] = CFrame.new(0.000000, -0.000000, 0.000000, -0.995037, -0.098789, 0.011886, 0.064281, -0.547046, 0.834631, -0.075950, 0.831253, 0.550681),
      ["Left Arm"] = CFrame.new(0.102610, -0.314313, -0.037576, -0.208663, 0.972682, -0.101738, -0.974746, -0.215308, -0.059330, -0.079615, 0.086789, 0.993040),
      ["Left Arm.001"] = CFrame.new(0.000000, 0.000100, -0.000500, 1.000000, -0.000000, 0.000000, -0.000000, 1.000000, 0.000000, 0.000000, -0.000000, 1.000000),
      ["Left Leg"] = CFrame.new(-0.468507, 0.934394, 0.286771, 0.940235, 0.337500, 0.045929, -0.327613, 0.932940, -0.149335, -0.093254, 0.125360, 0.987719),
      ["Left Leg.001"] = CFrame.new(-0.000000, -0.000200, 0.000000, 1.000000, -0.000000, 0.000000, 0.000000, 1.000000, -0.000000, 0.000000, -0.000000, 1.000000),
      ["LeftFoot"] = CFrame.new(-0.000000, 0.030961, -0.000002, 0.977199, 0.075160, -0.198579, -0.119359, 0.967942, -0.221005, 0.175595, 0.239665, 0.954809),
      ["LeftHand"] = CFrame.new(0.000499, 0.001523, -0.000000, 0.994462, 0.090368, -0.053659, -0.066803, 0.937664, 0.341063, 0.081135, -0.335586, 0.938504),
      ["LeftLowerArm"] = CFrame.new(-0.000500, 0.087236, 0.049267, 1.000000, -0.000000, -0.000000, 0.000000, 0.505789, -0.862662, 0.000000, 0.862658, 0.505790),
      ["LeftLowerLeg"] = CFrame.new(-0.000000, 0.123701, -0.078744, 1.000000, -0.000000, -0.000000, 0.000000, 0.184808, 0.982810, -0.000000, -0.982779, 0.184799),
      ["LeftUpperArm"] = CFrame.new(0.007501, 0.025665, 0.044532, 0.993041, -0.112577, -0.034600, 0.059331, 0.731968, -0.678750, 0.101738, 0.671975, 0.733552),
      ["LeftUpperLeg"] = CFrame.new(0.000000, 0.000000, -0.000100, 0.986022, 0.083921, 0.143940, 0.153184, -0.116775, -0.981274, -0.065541, 0.989604, -0.127978),
      ["LowerTorso"] = CFrame.new(-0.087914, -0.587158, -0.464306, 0.999987, 0.001621, -0.004749, 0.004735, 0.008530, 0.999952, 0.001662, -0.999962, 0.008522),
      ["Right Arm"] = CFrame.new(-0.876157, 0.031255, 0.013511, 0.454898, -0.889295, 0.047154, 0.890241, 0.455494, 0.002190, -0.023426, 0.040982, 0.998885),
      ["Right Arm.001"] = CFrame.new(0.000000, 0.000000, -0.000000, 1.000000, 0.000000, 0.000000, 0.000000, 1.000000, -0.000000, -0.000000, 0.000000, 1.000000),
      ["Right Leg"] = CFrame.new(0.066747, 1.353044, 0.040963, 0.854067, -0.216553, -0.472993, 0.206714, 0.975641, -0.073456, 0.477395, -0.035034, 0.877999),
      ["Right Leg.001"] = CFrame.new(-0.000000, 0.000000, 0.000000, 1.000000, 0.000000, 0.000000, 0.000000, 1.000000, -0.000000, -0.000000, 0.000000, 1.000000),
      ["RightFoot"] = CFrame.new(-0.000000, 0.035163, -0.000100, 0.869845, 0.271201, 0.412091, -0.027670, 0.860840, -0.508124, -0.492531, 0.430574, 0.756275),
      ["RightHand"] = CFrame.new(-0.000495, 0.008285, -0.000000, 0.998412, -0.047150, 0.030820, 0.056178, 0.873559, -0.483465, -0.004127, 0.484427, 0.874817),
      ["RightLowerArm"] = CFrame.new(-0.000001, 0.105557, 0.091515, 1.000000, 0.000000, -0.000000, -0.000000, 0.075304, -0.997165, -0.000000, 0.997162, 0.075304),
      ["RightLowerLeg"] = CFrame.new(0.000000, 0.117018, -0.137352, 1.000000, 0.000000, 0.000000, -0.000000, -0.424604, 0.905413, 0.000000, -0.905374, -0.424630),
      ["RightUpperArm"] = CFrame.new(-0.022095, 0.095150, 0.137050, 0.998885, -0.020273, 0.042629, 0.002190, 0.922009, 0.387162, -0.047153, -0.386637, 0.921025),
      ["RightUpperLeg"] = CFrame.new(0.000000, 0.000000, -0.000000, 0.885307, -0.403621, 0.230908, -0.053082, -0.581057, -0.812136, 0.461968, 0.706724, -0.535828),
      ["Torso"] = CFrame.new(-0.040062, -1.408524, -1.526236, 0.999941, -0.010062, 0.004215, 0.003970, -0.024229, -0.999699, 0.010162, 0.999656, -0.024188),
      ["UpperTorso"] = CFrame.new(0.130288, -0.054759, 0.071876, 0.999873, -0.005990, 0.014756, 0.005504, 0.999448, 0.032772, -0.014944, -0.032686, 0.999354)
    }},
    {Time = 0.310, Data = {
      ["Head"] = CFrame.new(-0.000000, 0.000000, -0.000000, 0.995037, 0.011886, -0.098789, -0.064281, 0.834631, -0.547046, 0.075951, 0.550681, 0.831253),
      ["Head.001"] = CFrame.new(0.000000, -0.000000, 0.000000, -0.995037, -0.098789, 0.011886, 0.064281, -0.547046, 0.834631, -0.075950, 0.831253, 0.550681),
      ["Left Arm"] = CFrame.new(0.078555, -0.341498, -0.042375, -0.301696, 0.947407, -0.106777, -0.949105, -0.309071, -0.060676, -0.090488, 0.083037, 0.992430),
      ["Left Arm.001"] = CFrame.new(0.000000, 0.000100, -0.000500, 1.000000, 0.000000, -0.000000, 0.000000, 1.000000, 0.000000, 0.000000, 0.000000, 1.000000),
      ["Left Leg"] = CFrame.new(-0.450065, 0.931589, 0.269557, 0.930022, 0.365049, 0.043050, -0.356203, 0.923899, -0.139784, -0.090806, 0.114664, 0.989246),
      ["Left Leg.001"] = CFrame.new(-0.000000, -0.000200, 0.000000, 1.000000, -0.000000, 0.000000, -0.000000, 1.000000, 0.000000, -0.000000, 0.000000, 1.000000),
      ["LeftFoot"] = CFrame.new(-0.000000, 0.030608, -0.000002, 0.978667, 0.066778, -0.194299, -0.108400, 0.971193, -0.212216, 0.174524, 0.228746, 0.957679),
      ["LeftHand"] = CFrame.new(0.000499, 0.001868, 0.000000, 0.993878, 0.095016, -0.056375, -0.063290, 0.907894, 0.414393, 0.090556, -0.408285, 0.908347),
      ["LeftLowerArm"] = CFrame.new(-0.000500, 0.090154, 0.054109, 1.000000, -0.000000, -0.000000, 0.000000, 0.457076, -0.889433, 0.000000, 0.889428, 0.457077),
      ["LeftLowerLeg"] = CFrame.new(0.000000, 0.122875, -0.075624, 1.000000, -0.000000, -0.000000, 0.000000, 0.217278, 0.976144, -0.000000, -0.976115, 0.217269),
      ["LeftUpperArm"] = CFrame.new(0.007196, 0.026338, 0.047051, 0.992430, -0.118436, -0.032496, 0.060676, 0.702888, -0.708707, 0.106777, 0.701371, 0.704753),
      ["LeftUpperLeg"] = CFrame.new(0.000000, 0.000000, -0.000100, 0.987639, 0.079130, 0.135306, 0.142719, -0.097077, -0.984991, -0.064808, 0.992124, -0.107149),
      ["LowerTorso"] = CFrame.new(-0.083542, -0.581195, -0.468142, 0.999987, 0.001616, -0.004740, 0.004774, -0.021942, 0.999748, 0.001511, -0.999758, -0.021949),
      ["Right Arm"] = CFrame.new(-0.814357, -0.067715, 0.007810, 0.338356, -0.940232, 0.038465, 0.940776, 0.338920, 0.009064, -0.021559, 0.033120, 0.999219),
      ["Right Arm.001"] = CFrame.new(0.000000, 0.000000, 0.000000, 1.000000, -0.000000, 0.000000, -0.000000, 1.000000, -0.000000, 0.000000, -0.000000, 1.000000),
      ["Right Leg"] = CFrame.new(0.244429, 1.339388, 0.081425, 0.869683, -0.066668, -0.489140, 0.060744, 0.997760, -0.028000, 0.489928, -0.005359, 0.871756),
      ["Right Leg.001"] = CFrame.new(0.000000, 0.000000, -0.000000, 1.000000, 0.000000, 0.000000, 0.000000, 1.000000, 0.000000, -0.000000, 0.000000, 1.000000),
      ["RightFoot"] = CFrame.new(-0.000000, 0.035303, -0.000100, 0.863249, 0.279728, 0.420182, -0.000254, 0.832650, -0.553801, -0.504761, 0.477947, 0.718829),
      ["RightHand"] = CFrame.new(-0.000495, 0.008209, -0.000000, 0.998896, -0.039175, 0.025907, 0.046364, 0.910586, -0.410711, -0.007500, 0.411457, 0.911393),
      ["RightLowerArm"] = CFrame.new(-0.000001, 0.105393, 0.090014, 1.000000, 0.000000, -0.000000, -0.000000, 0.090527, -0.995899, -0.000000, 0.995895, 0.090527),
      ["RightLowerLeg"] = CFrame.new(0.000000, 0.115934, -0.139540, 1.000000, 0.000000, 0.000000, -0.000000, -0.447438, 0.894348, 0.000000, -0.894311, -0.447464),
      ["RightUpperArm"] = CFrame.new(-0.022262, 0.091714, 0.132706, 0.999219, -0.018472, 0.034936, 0.009064, 0.967590, 0.252363, -0.038465, -0.251849, 0.967001),
