return {
  ["Rot - exotic Flip v1"] = {
    {Time = 0.000, Data = {
      ["Head"] = CFrame.new(-0.000000, 0.000000, 0.000000, 0.981578, 0.058142, 0.181998, -0.178388, 0.620027, 0.764031, -0.068421, -0.782423, 0.618977),
      ["Head.001"] = CFrame.new(0.000000, 0.000000, 0.000000, -0.981579, 0.181998, 0.058142, 0.178388, 0.764032, 0.620027, 0.068421, 0.618977, -0.782423),
      ["Left Arm"] = CFrame.new(-0.556689, 0.712055, -0.004021, -0.402816, -0.710545, 0.576945, 0.898490, -0.427179, 0.101212, 0.174543, 0.559146, 0.810488),
      ["Left Arm.001"] = CFrame.new(-0.000000, 0.000100, -0.000500, 1.000000, -0.000000, 0.000000, -0.000000, 1.000000, -0.000000, 0.000000, 0.000000, 1.000000),
      ["Left Leg"] = CFrame.new(-0.061253, 0.141708, 0.060722, 0.293557, 0.941421, 0.130524, -0.930944, 0.326883, -0.187060, -0.224337, -0.061492, 0.973639),
      ["Left Leg.001"] = CFrame.new(0.000000, -0.000200, 0.000000, 1.000000, 0.000000, -0.000000, 0.000000, 1.000000, 0.000000, 0.000000, 0.000000, 1.000000),
      ["LeftFoot"] = CFrame.new(-0.000000, 0.006449, -0.002475, 0.988062, 0.150808, 0.032073, -0.150634, 0.921778, 0.361858, 0.016925, -0.349086, 0.935381),
      ["LeftHand"] = CFrame.new(0.000500, 0.000092, 0.000000, 0.943080, 0.332419, -0.009893, -0.179955, 0.535099, 0.825400, 0.279671, -0.776633, 0.564461),
      ["LeftLowerArm"] = CFrame.new(-0.000500, 0.072956, 0.031615, 1.000000, -0.000000, -0.000000, 0.000000, 0.683125, -0.730306, 0.000000, 0.730302, 0.683128),
      ["LeftLowerLeg"] = CFrame.new(-0.000000, 0.002973, 0.002293, 1.000000, 0.000000, -0.000000, -0.000000, 1.000331, -0.014389, -0.000000, -0.014144, 0.999915),
      ["LeftUpperArm"] = CFrame.new(0.114174, 0.017017, -0.326155, 0.810488, -0.254498, -0.527579, -0.101212, -0.947981, 0.301808, -0.576944, -0.191215, -0.794085),
      ["LeftUpperLeg"] = CFrame.new(0.000000, 0.000000, -0.000100, 0.936439, -0.090361, 0.344237, 0.283551, 0.822701, -0.553811, -0.220774, 0.602024, 0.775574),
      ["LowerTorso"] = CFrame.new(-0.038972, 0.893980, -0.291214, 0.901970, 0.142438, -0.405559, 0.267093, -0.893803, 0.254523, -0.339276, -0.324967, -0.877813),
      ["Right Arm"] = CFrame.new(0.492539, 0.835249, 0.438230, -0.210766, 0.277315, -0.937376, -0.884765, -0.461864, 0.062297, -0.415665, 0.842484, 0.342702),
      ["Right Arm.001"] = CFrame.new(0.000000, -0.000000, -0.000000, 1.000000, 0.000000, -0.000000, -0.000000, 1.000000, 0.000000, -0.000000, -0.000000, 1.000000),
      ["Right Leg"] = CFrame.new(-0.020318, 0.105951, -0.163625, -0.057129, -0.844535, -0.538515, 0.993301, -0.087140, 0.075247, -0.128091, -0.522413, 0.839250),
      ["Right Leg.001"] = CFrame.new(-0.000000, 0.000000, 0.000000, 1.000000, 0.000000, 0.000000, 0.000000, 1.000000, -0.000000, 0.000000, -0.000000, 1.000000),
      ["RightFoot"] = CFrame.new(0.000000, -0.015478, -0.002431, 0.995932, -0.090673, 0.000461, 0.076904, 0.955717, 0.296485, -0.026926, -0.265910, 0.960785),
      ["RightHand"] = CFrame.new(-0.000500, -0.000471, -0.000000, 0.950481, -0.306661, -0.050452, 0.237144, 0.610721, 0.755501, -0.200869, -0.730050, 0.653199),
      ["RightLowerArm"] = CFrame.new(0.000000, 0.060028, 0.020239, 1.000000, 0.000000, 0.000000, -0.000000, 0.797079, -0.603878, -0.000000, 0.603875, 0.797083),
      ["RightLowerLeg"] = CFrame.new(-0.000000, -0.016544, 0.002419, 1.000000, 0.000000, 0.000000, 0.000000, 0.996858, -0.014735, -0.000000, -0.014562, 1.002975),
      ["RightUpperArm"] = CFrame.new(0.310155, 0.175371, -0.419339, 0.342702, 0.420517, 0.840071, 0.062297, -0.902426, 0.426316, 0.937376, -0.093766, -0.335460),
      ["RightUpperLeg"] = CFrame.new(-0.000000, 0.000000, -0.000000, 0.752260, -0.584898, 0.289629, 0.548133, 0.294975, -0.833582, 0.395330, 0.759847, 0.523200),
      ["Torso"] = CFrame.new(-0.142586, -0.239810, -0.966756, 0.916424, 0.348472, -0.196809, 0.393214, -0.875546, 0.280718, -0.074494, -0.334645, -0.939395),
      ["UpperTorso"] = CFrame.new(0.017601, -0.061953, 0.001367, 0.979895, -0.168631, -0.106641, 0.207329, 0.839602, 0.577431, -0.007537, -0.565437, 0.824869)
    }},
    {Time = 0.034, Data = {
      ["Head"] = CFrame.new(-0.000000, -0.000000, -0.000000, 0.981560, 0.058005, 0.182138, -0.178410, 0.620051, 0.764006, -0.068619, -0.782414, 0.618967),
      ["Head.001"] = CFrame.new(0.000000, 0.000000, 0.000000, -0.981560, 0.182138, 0.058005, 0.178410, 0.764007, 0.620051, 0.068619, 0.618967, -0.782414),
      ["Left Arm"] = CFrame.new(-0.535384, 0.728215, -0.008296, -0.375339, -0.725163, 0.577286, 0.909191, -0.409184, 0.077135, 0.180281, 0.553812, 0.812890),
      ["Left Arm.001"] = CFrame.new(0.000000, 0.000100, -0.000500, 1.000000, -0.000000, 0.000000, 0.000000, 1.000000, 0.000000, -0.000000, 0.000000, 1.000000),
      ["Left Leg"] = CFrame.new(-0.063202, 0.142570, 0.060668, 0.273392, 0.948320, 0.125776, -0.937151, 0.306377, -0.189688, -0.223994, -0.060987, 0.973754),
      ["Left Leg.001"] = CFrame.new(-0.000000, -0.000200, 0.000000, 1.000000, -0.000000, 0.000000, -0.000000, 1.000000, -0.000000, 0.000000, 0.000000, 1.000000),
      ["LeftFoot"] = CFrame.new(-0.000000, 0.008672, -0.002465, 0.988869, 0.146165, 0.028490, -0.145020, 0.921694, 0.364371, 0.018982, -0.351087, 0.934588),
      ["LeftHand"] = CFrame.new(0.000500, -0.000002, 0.000000, 0.947119, 0.320853, -0.004310, -0.177146, 0.534020, 0.826705, 0.267551, -0.782220, 0.562618),
      ["LeftLowerArm"] = CFrame.new(-0.000500, 0.071920, 0.030603, 1.000000, -0.000000, -0.000000, -0.000000, 0.693276, -0.720677, 0.000000, 0.720672, 0.693279),
      ["LeftLowerLeg"] = CFrame.new(0.000000, 0.005208, 0.002315, 1.000000, -0.000000, -0.000000, 0.000000, 1.000318, -0.014382, -0.000000, -0.014137, 0.999926),
      ["LeftUpperArm"] = CFrame.new(0.115375, 0.029055, -0.326326, 0.812890, -0.254022, -0.524101, -0.077135, -0.938901, 0.335429, -0.577286, -0.232242, -0.782817),
      ["LeftUpperLeg"] = CFrame.new(-0.000000, 0.000000, -0.000100, 0.937085, -0.092661, 0.341779, 0.284486, 0.821159, -0.555694, -0.216883, 0.603631, 0.775406),
      ["LowerTorso"] = CFrame.new(-0.038389, 0.887731, -0.287789, 0.905183, 0.145540, -0.397123, 0.267022, -0.893867, 0.254355, -0.330665, -0.323413, -0.881710),
      ["Right Arm"] = CFrame.new(0.499963, 0.873859, 0.472236, -0.178571, 0.301642, -0.936549, -0.913315, -0.404911, 0.043728, -0.366029, 0.863168, 0.347798),
      ["Right Arm.001"] = CFrame.new(0.000000, 0.000000, -0.000000, 1.000000, 0.000000, 0.000000, -0.000000, 1.000000, -0.000000, -0.000000, -0.000000, 1.000000),
      ["Right Leg"] = CFrame.new(-0.020293, 0.098208, -0.167228, -0.083424, -0.837953, -0.546520, 0.993051, -0.102869, 0.049333, -0.115027, -0.530071, 0.835991),
      ["Right Leg.001"] = CFrame.new(0.000000, 0.000000, -0.000000, 1.000000, 0.000000, 0.000000, -0.000000, 1.000000, 0.000000, 0.000000, -0.000000, 1.000000),
      ["RightFoot"] = CFrame.new(-0.000000, -0.011296, -0.002426, 0.996300, -0.086408, 0.004344, 0.071703, 0.955864, 0.297367, -0.029162, -0.266539, 0.960535),
      ["RightHand"] = CFrame.new(-0.000500, 0.000210, 0.000000, 0.952372, -0.300991, -0.048911, 0.222237, 0.575266, 0.787197, -0.208802, -0.760569, 0.614758),
      ["RightLowerArm"] = CFrame.new(-0.000000, 0.067480, 0.025953, 1.000000, 0.000000, 0.000000, -0.000000, 0.739751, -0.672886, -0.000000, 0.672882, 0.739753),
      ["RightLowerLeg"] = CFrame.new(0.000000, -0.012367, 0.002470, 1.000000, -0.000000, 0.000000, -0.000000, 0.996833, -0.014751, 0.000000, -0.014579, 1.002996),
      ["RightUpperArm"] = CFrame.new(0.307606, 0.184655, -0.418925, 0.347798, 0.392235, 0.851578, 0.043728, -0.914082, 0.403164, 0.936549, -0.102983, -0.335067),
      ["RightUpperLeg"] = CFrame.new(-0.000000, 0.000000, -0.000000, 0.749495, -0.594699, 0.276109, 0.538687, 0.290834, -0.841342, 0.412232, 0.753703, 0.518984),
      ["Torso"] = CFrame.new(-0.147685, -0.224370, -0.968792, 0.918890, 0.338594, -0.202476, 0.387302, -0.871915, 0.299603, -0.075098, -0.353721, -0.932332),
      ["UpperTorso"] = CFrame.new(0.017596, -0.061954, 0.001355, 0.979887, -0.164744, -0.112629, 0.207473, 0.828258, 0.593538, -0.004324, -0.581821, 0.813419)
    }},
    {Time = 0.069, Data = {
      ["Head"] = CFrame.new(0.000000, -0.000000, -0.000000, 0.981538, 0.057831, 0.182313, -0.178437, 0.620087, 0.763972, -0.068869, -0.782399, 0.618958),
      ["Head.001"] = CFrame.new(0.000000, -0.000000, -0.000000, -0.981538, 0.182313, 0.057831, 0.178437, 0.763972, 0.620087, 0.068869, 0.618958, -0.782399),
      ["Left Arm"] = CFrame.new(-0.507055, 0.746274, -0.013951, -0.341747, -0.742072, 0.576661, 0.920641, -0.387606, 0.046808, 0.188782, 0.546892, 0.815641),
      ["Left Arm.001"] = CFrame.new(-0.000000, 0.000100, -0.000500, 1.000000, -0.000000, 0.000000, -0.000000, 1.000000, 0.000000, 0.000000, 0.000000, 1.000000),
      ["Left Leg"] = CFrame.new(-0.065604, 0.143632, 0.060612, 0.248050, 0.956307, 0.119728, -0.944291, 0.280579, -0.192780, -0.223531, -0.060317, 0.973910),
      ["Left Leg.001"] = CFrame.new(-0.000000, -0.000200, 0.000000, 1.000000, -0.000000, -0.000000, -0.000000, 1.000000, 0.000000, 0.000000, 0.000000, 1.000000),
      ["LeftFoot"] = CFrame.new(0.000000, 0.011456, -0.002452, 0.989808, 0.140490, 0.024114, -0.138141, 0.921411, 0.367764, 0.021509, -0.353891, 0.933470),
      ["LeftHand"] = CFrame.new(0.000500, -0.000141, 0.000000, 0.952010, 0.306053, 0.002793, -0.174116, 0.534058, 0.827324, 0.251713, -0.788103, 0.561716),
      ["LeftLowerArm"] = CFrame.new(-0.000500, 0.070392, 0.029159, 1.000000, -0.000000, -0.000000, 0.000000, 0.707763, -0.706455, 0.000000, 0.706451, 0.707766),
      ["LeftLowerLeg"] = CFrame.new(0.000000, 0.008006, 0.002343, 1.000000, -0.000000, -0.000000, 0.000000, 1.000302, -0.014373, 0.000000, -0.014128, 0.999940),
      ["LeftUpperArm"] = CFrame.new(0.116751, 0.044218, -0.326014, 0.815642, -0.253705, -0.519964, -0.046808, -0.924716, 0.377767, -0.576661, -0.283785, -0.766112),
      ["LeftUpperLeg"] = CFrame.new(0.000000, 0.000000, -0.000100, 0.937865, -0.095631, 0.338709, 0.285720, 0.819200, -0.558045, -0.211955, 0.605642, 0.775181),
      ["LowerTorso"] = CFrame.new(-0.037700, 0.880141, -0.283687, 0.909067, 0.149374, -0.386574, 0.266903, -0.893974, 0.254071, -0.319932, -0.321362, -0.886468),
      ["Right Arm"] = CFrame.new(0.503568, 0.918868, 0.505065, -0.137074, 0.328608, -0.934467, -0.940360, -0.339693, 0.018483, -0.311358, 0.881264, 0.355571),
      ["Right Arm.001"] = CFrame.new(0.000000, -0.000000, 0.000000, 1.000000, 0.000000, -0.000000, 0.000000, 1.000000, 0.000000, -0.000000, 0.000000, 1.000000),
      ["Right Leg"] = CFrame.new(-0.019905, 0.088454, -0.172173, -0.116338, -0.829286, -0.555152, 0.991481, -0.122071, 0.016838, -0.099011, -0.539516, 0.831579),
      ["Right Leg.001"] = CFrame.new(0.000000, 0.000000, 0.000000, 1.000000, -0.000000, -0.000000, 0.000000, 1.000000, -0.000000, -0.000000, 0.000000, 1.000000),
      ["RightFoot"] = CFrame.new(-0.000000, -0.005793, -0.002419, 0.996715, -0.081063, 0.009204, 0.065172, 0.955858, 0.298949, -0.031983, -0.267850, 0.960068),
      ["RightHand"] = CFrame.new(-0.000499, 0.000896, 0.000000, 0.955383, -0.291705, -0.046380, 0.203580, 0.536550, 0.818944, -0.214003, -0.791843, 0.571995),
      ["RightLowerArm"] = CFrame.new(0.000000, 0.074715, 0.032625, 1.000000, 0.000000, 0.000000, -0.000000, 0.672734, -0.739888, -0.000000, 0.739885, 0.672738),
      ["RightLowerLeg"] = CFrame.new(0.000000, -0.006874, 0.002537, 1.000000, 0.000000, 0.000000, 0.000000, 0.996804, -0.014772, 0.000000, -0.014601, 1.003022),
      ["RightUpperArm"] = CFrame.new(0.303720, 0.197277, -0.417884, 0.355571, 0.362488, 0.861493, 0.018483, -0.924277, 0.381275, 0.934466, -0.119648, -0.335346),
      ["RightUpperLeg"] = CFrame.new(0.000000, 0.000000, -0.000000, 0.745525, -0.606799, 0.259560, 0.526902, 0.285705, -0.850734, 0.432998, 0.745846, 0.513311),
      ["Torso"] = CFrame.new(-0.153699, -0.205220, -0.970799, 0.921892, 0.326207, -0.209055, 0.379967, -0.866703, 0.323188, -0.075762, -0.377379, -0.922955),
      ["UpperTorso"] = CFrame.new(0.017588, -0.061958, 0.001336, 0.979850, -0.159694, -0.119982, 0.207709, 0.813672, 0.613301, -0.000303, -0.601918, 0.798673)
    }},
    {Time = 0.103, Data = {
      ["Head"] = CFrame.new(0.000000, -0.000000, 0.000000, 0.981512, 0.057622, 0.182521, -0.178465, 0.620135, 0.763925, -0.069169, -0.782376, 0.618954),
      ["Head.001"] = CFrame.new(0.000000, -0.000000, -0.000000, -0.981512, 0.182521, 0.057621, 0.178465, 0.763926, 0.620135, 0.069169, 0.618954, -0.782376),
      ["Left Arm"] = CFrame.new(-0.471179, 0.764233, -0.021262, -0.303373, -0.760343, 0.574319, 0.931499, -0.363599, 0.010674, 0.200706, 0.538214, 0.818562),
      ["Left Arm.001"] = CFrame.new(-0.000000, 0.000100, -0.000500, 1.000000, -0.000000, 0.000000, -0.000000, 1.000000, 0.000000, 0.000000, 0.000000, 1.000000),
      ["Left Leg"] = CFrame.new(-0.068417, 0.144885, 0.060562, 0.217761, 0.964871, 0.112414, -0.951885, 0.249709, -0.196144, -0.222914, -0.059495, 0.974110),
      ["Left Leg.001"] = CFrame.new(-0.000000, -0.000200, -0.000000, 1.000000, -0.000000, 0.000000, -0.000000, 1.000000, 0.000000, -0.000000, -0.000000, 1.000000),
      ["LeftFoot"] = CFrame.new(-0.000000, 0.014754, -0.002436, 0.990830, 0.133908, 0.019044, -0.130137, 0.920840, 0.372109, 0.024445, -0.357608, 0.931973),
      ["LeftHand"] = CFrame.new(0.000500, -0.000337, 0.000000, 0.957526, 0.288124, 0.011339, -0.171156, 0.536279, 0.826505, 0.232054, -0.793336, 0.562814),
      ["LeftLowerArm"] = CFrame.new(-0.000500, 0.068202, 0.027188, 1.000000, -0.000000, -0.000000, 0.000000, 0.727524, -0.686087, 0.000000, 0.686083, 0.727527),
      ["LeftLowerLeg"] = CFrame.new(0.000000, 0.011321, 0.002375, 1.000000, 0.000000, -0.000000, 0.000000, 1.000283, -0.014362, -0.000000, -0.014117, 0.999956),
      ["LeftUpperArm"] = CFrame.new(0.118211, 0.062285, -0.324843, 0.818562, -0.253863, -0.515276, -0.010674, -0.903608, 0.428225, -0.574319, -0.345029, -0.742369),
      ["LeftUpperLeg"] = CFrame.new(0.000000, -0.000001, -0.000100, 0.938755, -0.099267, 0.335054, 0.287249, 0.816832, -0.560841, -0.206021, 0.608027, 0.774888),
      ["LowerTorso"] = CFrame.new(-0.036929, 0.871408, -0.279045, 0.913493, 0.153862, -0.374037, 0.266726, -0.894136, 0.253640, -0.307222, -0.318783, -0.891953),
      ["Right Arm"] = CFrame.new(0.501120, 0.968855, 0.533658, -0.086046, 0.356835, -0.930196, -0.962986, -0.269197, -0.014188, -0.255468, 0.894540, 0.366789),
      ["Right Arm.001"] = CFrame.new(-0.000000, 0.000000, -0.000000, 1.000000, -0.000000, 0.000000, -0.000000, 1.000000, 0.000000, -0.000000, 0.000000, 1.000000),
      ["Right Leg"] = CFrame.new(-0.018855, 0.076772, -0.178644, -0.155431, -0.818380, -0.563444, 0.987817, -0.144206, -0.021868, -0.080408, -0.550561, 0.825864),
      ["Right Leg.001"] = CFrame.new(-0.000000, -0.000000, 0.000000, 1.000000, -0.000000, -0.000000, 0.000000, 1.000000, -0.000000, 0.000000, -0.000000, 1.000000),
      ["RightFoot"] = CFrame.new(0.000000, 0.001057, -0.002410, 0.997141, -0.074689, 0.014989, 0.057359, 0.955598, 0.301441, -0.035359, -0.270086, 0.959309),
      ["RightHand"] = CFrame.new(-0.000499, 0.001551, 0.000000, 0.959764, -0.277571, -0.042528, 0.181403, 0.497248, 0.848432, -0.214352, -0.822004, 0.527592),
      ["RightLowerArm"] = CFrame.new(-0.000000, 0.081185, 0.039814, 1.000000, 0.000000, 0.000000, -0.000000, 0.600447, -0.799669, -0.000000, 0.799665, 0.600450),
      ["RightLowerLeg"] = CFrame.new(0.000000, -0.000038, 0.002620, 1.000000, -0.000000, 0.000000, -0.000000, 0.996772, -0.014798, 0.000000, -0.014629, 1.003050),
      ["RightUpperArm"] = CFrame.new(0.298111, 0.213613, -0.415749, 0.366789, 0.332835, 0.868726, -0.014188, -0.931700, 0.362952, 0.930196, -0.145453, -0.337015),
      ["RightUpperLeg"] = CFrame.new(0.000000, -0.000001, -0.000000, 0.740098, -0.620962, 0.240395, 0.512925, 0.279676, -0.861468, 0.457159, 0.736257, 0.506011),
      ["Torso"] = CFrame.new(-0.160334, -0.182686, -0.972445, 0.925352, 0.311458, -0.216143, 0.371327, -0.859544, 0.351141, -0.076419, -0.405189, -0.911034),
      ["UpperTorso"] = CFrame.new(0.017575, -0.061963, 0.001307, 0.979768, -0.153430, -0.128519, 0.208073, 0.795767, 0.636241, 0.004475, -0.625237, 0.780540)
    }},
    {Time = 0.138, Data = {
      ["Head"] = CFrame.new(0.000000, 0.000000, 0.000000, 0.981482, 0.057378, 0.182759, -0.178495, 0.620199, 0.763867, -0.069518, -0.782343, 0.618956),
      ["Head.001"] = CFrame.new(0.000000, -0.000000, -0.000000, -0.981482, 0.182759, 0.057378, 0.178495, 0.763867, 0.620199, 0.069518, 0.618956, -0.782343),
      ["Left Arm"] = CFrame.new(-0.427448, 0.779611, -0.030684, -0.262010, -0.779176, 0.569417, 0.940433, -0.338609, -0.030618, 0.216667, 0.527474, 0.821478),
      ["Left Arm.001"] = CFrame.new(0.000000, 0.000100, -0.000500, 1.000000, 0.000000, -0.000000, -0.000000, 1.000000, 0.000000, -0.000000, 0.000000, 1.000000),
      ["Left Leg"] = CFrame.new(-0.071583, 0.146333, 0.060529, 0.182774, 0.973461, 0.103883, -0.959416, 0.214010, -0.199561, -0.222095, -0.058541, 0.974363),
      ["Left Leg.001"] = CFrame.new(-0.000000, -0.000200, 0.000000, 1.000000, 0.000000, -0.000000, 0.000000, 1.000000, 0.000000, 0.000000, 0.000000, 1.000000),
      ["LeftFoot"] = CFrame.new(0.000000, 0.018531, -0.002419, 0.991889, 0.126544, 0.013380, -0.121144, 0.919890, 0.377481, 0.027719, -0.362348, 0.930040),
      ["LeftHand"] = CFrame.new(0.000500, -0.000609, 0.000000, 0.963386, 0.267279, 0.021195, -0.168478, 0.541975, 0.823333, 0.208571, -0.796754, 0.567161),
      ["LeftLowerArm"] = CFrame.new(-0.000500, 0.065130, 0.024604, 1.000000, -0.000000, -0.000000, 0.000000, 0.753436, -0.657526, 0.000000, 0.657522, 0.753439),
      ["LeftLowerLeg"] = CFrame.new(0.000000, 0.015117, 0.002413, 1.000000, 0.000000, 0.000000, 0.000000, 1.000260, -0.014350, 0.000000, -0.014104, 0.999976),
      ["LeftUpperArm"] = CFrame.new(0.119669, 0.082931, -0.322392, 0.821478, -0.254955, -0.510069, 0.030618, -0.873472, 0.485909, -0.569417, -0.414782, -0.709732),
      ["LeftUpperLeg"] = CFrame.new(-0.000000, 0.000001, -0.000100, 0.939733, -0.103564, 0.330837, 0.289057, 0.814068, -0.564060, -0.199106, 0.610754, 0.774523),
      ["LowerTorso"] = CFrame.new(-0.036097, 0.861732, -0.273999, 0.918328, 0.158924, -0.359635, 0.266477, -0.894365, 0.253033, -0.292680, -0.315645, -0.898028),
      ["Right Arm"] = CFrame.new(0.490536, 1.022158, 0.555735, -0.025531, 0.385416, -0.922390, -0.978969, -0.196480, -0.055001, -0.202429, 0.901582, 0.382325),
      ["Right Arm.001"] = CFrame.new(-0.000000, 0.000000, 0.000000, 1.000000, 0.000000, 0.000000, -0.000000, 1.000000, 0.000000, -0.000000, 0.000000, 1.000000),
      ["Right Leg"] = CFrame.new(-0.016853, 0.063271, -0.186865, -0.200171, -0.805090, -0.570383, 0.981236, -0.168681, -0.066338, -0.059593, -0.563026, 0.818695),
      ["Right Leg.001"] = CFrame.new(0.000000, -0.000000, -0.000000, 1.000000, -0.000000, -0.000000, -0.000000, 1.000000, 0.000000, 0.000000, 0.000000, 1.000000),
      ["RightFoot"] = CFrame.new(-0.000000, 0.009337, -0.002401, 0.997540, -0.067336, 0.021651, 0.048306, 0.954978, 0.305045, -0.039244, -0.273489, 0.958179),
      ["RightHand"] = CFrame.new(-0.000498, 0.002295, 0.000000, 0.965659, -0.257169, -0.036973, 0.156005, 0.460132, 0.874037, -0.207762, -0.849785, 0.484450),
      ["RightLowerArm"] = CFrame.new(-0.000000, 0.086675, 0.046990, 1.000000, 0.000000, 0.000000, -0.000000, 0.528149, -0.849156, -0.000000, 0.849152, 0.528152),
      ["RightLowerLeg"] = CFrame.new(-0.000000, 0.008220, 0.002720, 1.000000, -0.000000, 0.000000, 0.000000, 0.996739, -0.014830, 0.000000, -0.014664, 1.003079),
      ["RightUpperArm"] = CFrame.new(0.290343, 0.234020, -0.411846, 0.382325, 0.304277, 0.872491, -0.055001, -0.935059, 0.350197, 0.922390, -0.181877, -0.340761),
      ["RightUpperLeg"] = CFrame.new(0.000000, 0.000001, 0.000000, 0.732953, -0.636947, 0.219051, 0.496916, 0.272843, -0.873241, 0.484225, 0.724900, 0.496928),
      ["Torso"] = CFrame.new(-0.167278, -0.157120, -0.973380, 0.929188, 0.294522, -0.223309, 0.361500, -0.850037, 0.383087, -0.076993, -0.436686, -0.896314),
      ["UpperTorso"] = CFrame.new(0.017558, -0.061968, 0.001266, 0.979623, -0.145899, -0.138045, 0.208608, 0.774458, 0.661846, 0.009952, -0.651249, 0.758920)
    }},
    {Time = 0.172, Data = {
      ["Head"] = CFrame.new(0.000000, 0.000000, -0.000000, 0.981449, 0.057101, 0.183025, -0.178524, 0.620280, 0.763794, -0.069914, -0.782299, 0.618967),
      ["Head.001"] = CFrame.new(0.000000, 0.000000, 0.000000, -0.981449, 0.183025, 0.057101, 0.178524, 0.763795, 0.620280, 0.069914, 0.618967, -0.782299),
      ["Left Arm"] = CFrame.new(-0.375925, 0.789434, -0.042917, -0.219986, -0.797989, 0.561088, 0.946244, -0.314383, -0.076127, 0.237145, 0.514176, 0.824248),
      ["Left Arm.001"] = CFrame.new(0.000000, 0.000100, -0.000500, 1.000000, -0.000000, 0.000000, 0.000000, 1.000000, 0.000000, -0.000000, 0.000000, 1.000000),
      ["Left Leg"] = CFrame.new(-0.075056, 0.147975, 0.060526, 0.143380, 0.981497, 0.094203, -0.966348, 0.173766, -0.202788, -0.221012, -0.057474, 0.974681),
      ["Left Leg.001"] = CFrame.new(-0.000000, -0.000200, 0.000000, 1.000000, -0.000000, -0.000000, 0.000000, 1.000000, -0.000000, 0.000000, 0.000000, 1.000000),
      ["LeftFoot"] = CFrame.new(-0.000000, 0.022740, -0.002399, 0.992943, 0.118524, 0.007220, -0.111297, 0.918469, 0.383948, 0.031255, -0.368213, 0.927612),
      ["LeftHand"] = CFrame.new(0.000501, -0.000982, -0.000000, 0.969266, 0.243906, 0.032148, -0.166154, 0.552637, 0.816691, 0.181429, -0.796928, 0.576178),
      ["LeftLowerArm"] = CFrame.new(-0.000500, 0.060884, 0.021342, 1.000000, -0.000000, -0.000000, 0.000000, 0.786121, -0.618077, 0.000000, 0.618073, 0.786125),
      ["LeftLowerLeg"] = CFrame.new(-0.000000, 0.019349, 0.002455, 1.000000, 0.000000, 0.000000, 0.000000, 1.000233, -0.014337, 0.000000, -0.014091, 0.999999),
      ["LeftUpperArm"] = CFrame.new(0.121054, 0.105686, -0.318227, 0.824248, -0.257633, -0.504222, 0.076126, -0.831987, 0.549547, -0.561088, -0.491349, -0.666151),
      ["LeftUpperLeg"] = CFrame.new(0.000000, 0.000000, -0.000100, 0.940779, -0.108511, 0.326072, 0.291121, 0.810921, -0.567679, -0.191230, 0.613784, 0.774080),
      ["LowerTorso"] = CFrame.new(-0.035224, 0.851310, -0.268687, 0.923437, 0.164472, -0.343494, 0.266144, -0.894669, 0.252217, -0.276456, -0.311917, -0.904553),
      ["Right Arm"] = CFrame.new(0.470003, 1.076863, 0.569882, 0.043998, 0.414039, -0.909195, -0.986715, -0.124481, -0.104436, -0.156418, 0.901707, 0.403060),
      ["Right Arm.001"] = CFrame.new(0.000000, -0.000000, 0.000000, 1.000000, 0.000000, 0.000000, 0.000000, 1.000000, -0.000000, 0.000000, -0.000000, 1.000000),
      ["Right Leg"] = CFrame.new(-0.013536, 0.048109, -0.197028, -0.249888, -0.789301, -0.574945, 0.970913, -0.194851, -0.116012, -0.036953, -0.576732, 0.809925),
      ["Right Leg.001"] = CFrame.new(0.000000, -0.000000, 0.000000, 1.000000, -0.000000, 0.000000, 0.000000, 1.000000, -0.000000, 0.000000, -0.000000, 1.000000),
      ["RightFoot"] = CFrame.new(0.000000, 0.019054, -0.002390, 0.997873, -0.059055, 0.029139, 0.038045, 0.953884, 0.309954, -0.043576, -0.278293, 0.956594),
      ["RightHand"] = CFrame.new(-0.000498, 0.003215, -0.000000, 0.972991, -0.228975, -0.029316, 0.127664, 0.427929, 0.894751, -0.192330, -0.874322, 0.445602),
      ["RightLowerArm"] = CFrame.new(-0.000000, 0.091146, 0.053611, 1.000000, 0.000000, 0.000000, -0.000000, 0.461202, -0.887300, -0.000000, 0.887296, 0.461204),
      ["RightLowerLeg"] = CFrame.new(-0.000000, 0.017907, 0.002836, 1.000000, -0.000000, 0.000000, -0.000000, 0.996706, -0.014868, 0.000000, -0.014704, 1.003108),
      ["RightUpperArm"] = CFrame.new(0.279975, 0.258737, -0.405249, 0.403060, 0.277080, 0.872220, -0.104436, -0.932914, 0.344621, 0.909195, -0.229995, -0.347083),
      ["RightUpperLeg"] = CFrame.new(0.000000, 0.000000, 0.000000, 0.723842, -0.654511, 0.195988, 0.479056, 0.265309, -0.885748, 0.513684, 0.711734, 0.485944),
      ["Torso"] = CFrame.new(-0.174210, -0.128907, -0.973259, 0.933323, 0.275609, -0.230106, 0.350596, -0.837771, 0.418597, -0.077407, -0.471360, -0.878537),
      ["UpperTorso"] = CFrame.new(0.017534, -0.061977, 0.001212, 0.979394, -0.137053, -0.148351, 0.209357, 0.749672, 0.689569, 0.016068, -0.679389, 0.733727)
    }},
    {Time = 0.207, Data = {
      ["Head"] = CFrame.new(0.000000, 0.000000, -0.000000, 0.981412, 0.056792, 0.183316, -0.178551, 0.620380, 0.763707, -0.070354, -0.782243, 0.618989),
      ["Head.001"] = CFrame.new(0.000000, -0.000000, -0.000000, -0.981412, 0.183316, 0.056791, 0.178551, 0.763707, 0.620380, 0.070354, 0.618988, -0.782243),
      ["Left Arm"] = CFrame.new(-0.317151, 0.790220, -0.059019, -0.180253, -0.816460, 0.548546, 0.947976, -0.292976, -0.124563, 0.262412, 0.497553, 0.826790),
      ["Left Arm.001"] = CFrame.new(-0.000000, 0.000100, -0.000500, 1.000000, -0.000000, 0.000000, -0.000000, 1.000000, -0.000000, 0.000000, 0.000000, 1.000000),
      ["Left Leg"] = CFrame.new(-0.079427, 0.156088, 0.061980, 0.103660, 0.987952, 0.083467, -0.971698, 0.132972, -0.205563, -0.219808, -0.055480, 0.975078),
      ["Left Leg.001"] = CFrame.new(-0.000000, -0.000200, 0.000000, 1.000000, -0.000000, 0.000000, 0.000000, 1.000000, 0.000000, 0.000000, 0.000000, 1.000000),
      ["LeftFoot"] = CFrame.new(0.000000, 0.026481, -0.002338, 0.993952, 0.109977, 0.000664, -0.100872, 0.917939, 0.388108, 0.034587, -0.371827, 0.926039),
      ["LeftHand"] = CFrame.new(0.000501, -0.001491, 0.000000, 0.974824, 0.218613, 0.043885, -0.164058, 0.569929, 0.805149, 0.151003, -0.792074, 0.591445),
      ["LeftLowerArm"] = CFrame.new(-0.000500, 0.055064, 0.017390, 1.000000, -0.000000, -0.000000, 0.000000, 0.825701, -0.564111, 0.000000, 0.564108, 0.825705),
      ["LeftLowerLeg"] = CFrame.new(-0.000000, 0.024047, 0.002463, 1.000000, 0.000000, -0.000000, -0.000000, 1.000149, -0.006226, -0.000000, -0.021991, 1.000013),
      ["LeftUpperArm"] = CFrame.new(0.122325, 0.129904, -0.311956, 0.826790, -0.262802, -0.497346, 0.124563, -0.776668, 0.617470, -0.548546, -0.572470, -0.609406),
      ["LeftUpperLeg"] = CFrame.new(0.000000, 0.000000, -0.000100, 0.941873, -0.112758, 0.321265, 0.293406, 0.804992, -0.575183, -0.182408, 0.620256, 0.770916),
      ["LowerTorso"] = CFrame.new(-0.034328, 0.840341, -0.263243, 0.928690, 0.170414, -0.325744, 0.265715, -0.895061, 0.251162, -0.258702, -0.307572, -0.911386),
      ["Right Arm"] = CFrame.new(0.438196, 1.131174, 0.575814, 0.121477, 0.443034, -0.888237, -0.985161, -0.055530, -0.162428, -0.121284, 0.894783, 0.429712),
      ["Right Arm.001"] = CFrame.new(-0.000000, -0.000000, 0.000000, 1.000000, -0.000000, -0.000000, 0.000000, 1.000000, 0.000000, 0.000000, 0.000000, 1.000000),
      ["Right Leg"] = CFrame.new(-0.012051, 0.042261, -0.209523, -0.298671, -0.772786, -0.576161, 0.957724, -0.215683, -0.170189, -0.008945, -0.591463, 0.799421),
      ["Right Leg.001"] = CFrame.new(0.000000, 0.000000, 0.000000, 1.000000, -0.000000, 0.000000, -0.000000, 1.000000, 0.000000, -0.000000, 0.000000, 1.000000),
      ["RightFoot"] = CFrame.new(-0.000000, 0.028786, -0.002308, 0.998097, -0.049900, 0.037397, 0.026935, 0.954257, 0.310042, -0.048091, -0.278398, 0.956334),
      ["RightHand"] = CFrame.new(-0.000497, 0.003909, 0.000000, 0.981293, -0.191560, -0.019194, 0.096460, 0.402937, 0.910130, -0.166610, -0.894951, 0.413877),
      ["RightLowerArm"] = CFrame.new(-0.000001, 0.094382, 0.059278, 1.000000, 0.000000, 0.000000, 0.000000, 0.403846, -0.914832, -0.000000, 0.914828, 0.403847),
      ["RightLowerLeg"] = CFrame.new(0.000000, 0.029402, 0.002936, 1.000000, -0.000000, 0.000000, -0.000000, 0.996350, -0.000717, 0.000000, -0.028699, 1.003262),
      ["RightUpperArm"] = CFrame.new(0.266649, 0.287733, -0.394769, 0.429713, 0.250400, 0.867551, -0.162427, -0.923674, 0.347050, 0.888237, -0.290047, -0.356242),
      ["RightUpperLeg"] = CFrame.new(0.000000, -0.000000, -0.000000, 0.712544, -0.672132, 0.176747, 0.459557, 0.250563, -0.900569, 0.545006, 0.700199, 0.467727),
      ["Torso"] = CFrame.new(-0.180812, -0.098472, -0.971744, 0.937682, 0.254976, -0.236092, 0.338723, -0.822350, 0.457173, -0.077582, -0.508652, -0.857470),
      ["UpperTorso"] = CFrame.new(0.017504, -0.061988, 0.001142, 0.979063, -0.126859, -0.159207, 0.210360, 0.721372, 0.718829, 0.022753, -0.709061, 0.704911)
    }},
    {Time = 0.241, Data = {
      ["Head"] = CFrame.new(0.000000, -0.000000, 0.000000, 0.981373, 0.056451, 0.183631, -0.178575, 0.620501, 0.763603, -0.070837, -0.782171, 0.619023),
      ["Head.001"] = CFrame.new(0.000000, -0.000000, 0.000000, -0.981373, 0.183631, 0.056451, 0.178575, 0.763603, 0.620500, 0.070837, 0.619023, -0.782171),
      ["Left Arm"] = CFrame.new(-0.252153, 0.777887, -0.080544, -0.146517, -0.834471, 0.531217, 0.944968, -0.276879, -0.174304, 0.292535, 0.476442, 0.829112),
      ["Left Arm.001"] = CFrame.new(-0.000000, 0.000100, -0.000500, 1.000000, -0.000000, 0.000000, 0.000000, 1.000000, 0.000000, 0.000000, 0.000000, 1.000000),
      ["Left Leg"] = CFrame.new(-0.083705, 0.199853, 0.071240, 0.081442, 0.991220, 0.071804, -0.973939, 0.109005, -0.207617, -0.219312, -0.048769, 0.975571),
      ["Left Leg.001"] = CFrame.new(-0.000000, -0.000200, 0.000000, 1.000000, 0.000000, 0.000000, -0.000000, 1.000000, 0.000000, -0.000000, 0.000000, 1.000000),
      ["LeftFoot"] = CFrame.new(-0.000000, 0.027260, -0.002057, 0.994882, 0.101032, -0.006185, -0.090714, 0.924884, 0.373914, 0.036166, -0.357190, 0.931709),
      ["LeftHand"] = CFrame.new(0.000501, -0.002199, 0.000000, 0.979751, 0.192227, 0.056003, -0.161848, 0.595712, 0.786723, 0.117867, -0.779852, 0.614759),
      ["LeftLowerArm"] = CFrame.new(-0.000500, 0.047096, 0.012821, 1.000000, -0.000000, -0.000000, -0.000000, 0.871433, -0.490519, 0.000000, 0.490516, 0.871436),
      ["LeftLowerLeg"] = CFrame.new(0.000000, 0.031045, 0.002126, 1.000000, -0.000000, -0.000000, -0.000000, 0.998093, 0.047464, -0.000000, -0.074336, 0.998383),
      ["LeftUpperArm"] = CFrame.new(0.123486, 0.154774, -0.303292, 0.829112, -0.271694, -0.488626, 0.174304, -0.704801, 0.687657, -0.531217, -0.655315, -0.537001),
      ["LeftUpperLeg"] = CFrame.new(0.000000, -0.000000, -0.000100, 0.942999, -0.110233, 0.318796, 0.295868, 0.784652, -0.602399, -0.172651, 0.644561, 0.752316),
      ["LowerTorso"] = CFrame.new(-0.033426, 0.829023, -0.257803, 0.933958, 0.176655, -0.306523, 0.265179, -0.895551, 0.249838, -0.239580, -0.302586, -0.918390),
      ["Right Arm"] = CFrame.new(0.394209, 1.181924, 0.573213, 0.204246, 0.473508, -0.856781, -0.973650, 0.007525, -0.227945, -0.101486, 0.880757, 0.462566),
      ["Right Arm.001"] = CFrame.new(-0.000000, -0.000000, 0.000000, 1.000000, -0.000000, 0.000000, -0.000000, 1.000000, 0.000000, -0.000000, 0.000000, 1.000000),
      ["Right Leg"] = CFrame.new(-0.045151, 0.120898, -0.224136, -0.308714, -0.771186, -0.573171, 0.952921, -0.185531, -0.228017, 0.054219, -0.603833, 0.787073),
      ["Right Leg.001"] = CFrame.new(0.000000, -0.000000, 0.000000, 1.000000, 0.000000, 0.000000, -0.000000, 1.000000, 0.000000, -0.000000, 0.000000, 1.000000),
      ["RightFoot"] = CFrame.new(-0.000000, 0.029320, -0.001648, 0.998170, -0.039925, 0.046368, 0.017700, 0.969591, 0.258375, -0.052082, -0.227953, 0.969472),
      ["RightHand"] = CFrame.new(-0.000497, 0.004250, 0.000000, 0.989565, -0.143948, -0.006380, 0.062382, 0.388095, 0.919506, -0.129884, -0.910304, 0.393024),
      ["RightLowerArm"] = CFrame.new(-0.000001, 0.096353, 0.063470, 1.000000, 0.000000, 0.000000, -0.000000, 0.361492, -0.932380, -0.000000, 0.932376, 0.361493),
      ["RightLowerLeg"] = CFrame.new(0.000000, 0.046602, 0.001872, 1.000000, -0.000000, 0.000000, -0.000000, 0.983947, 0.131572, 0.000000, -0.157486, 0.994861),
      ["RightUpperArm"] = CFrame.new(0.250222, 0.320491, -0.379041, 0.462566, 0.223763, 0.857882, -0.227945, -0.905082, 0.358980, 0.856781, -0.361602, -0.367654),
      ["RightUpperLeg"] = CFrame.new(0.000000, -0.000000, -0.000000, 0.698877, -0.680346, 0.199958, 0.438670, 0.178601, -0.928086, 0.577648, 0.712807, 0.403880),
      ["Torso"] = CFrame.new(-0.186777, -0.066283, -0.968526, 0.942198, 0.232934, -0.240840, 0.325984, -0.803421, 0.498246, -0.077438, -0.547957, -0.832914),
      ["UpperTorso"] = CFrame.new(0.017467, -0.062001, 0.001055, 0.978612, -0.115307, -0.170374, 0.211654, 0.689573, 0.749023, 0.029927, -0.739638, 0.672476)
    }},
    {Time = 0.276, Data = {
      ["Head"] = CFrame.new(0.000000, 0.000000, -0.000000, 0.981332, 0.056081, 0.183966, -0.178595, 0.620644, 0.763482, -0.071361, -0.782084, 0.619074),
      ["Head.001"] = CFrame.new(0.000000, 0.000000, -0.000000, -0.981331, 0.183966, 0.056081, 0.178595, 0.763482, 0.620644, 0.071361, 0.619073, -0.782084),
      ["Left Arm"] = CFrame.new(-0.182574, 0.748040, -0.109476, -0.123040, -0.852007, 0.508867, 0.936924, -0.268777, -0.223477, 0.327176, 0.449270, 0.831332),
      ["Left Arm.001"] = CFrame.new(-0.000000, 0.000100, -0.000500, 1.000000, 0.000000, -0.000000, 0.000000, 1.000000, 0.000000, -0.000000, -0.000000, 1.000000),
      ["Left Leg"] = CFrame.new(-0.084123, 0.246390, 0.080945, 0.057911, 0.994019, 0.059374, -0.975882, 0.083436, -0.208682, -0.218154, -0.041713, 0.976180),
      ["Left Leg.001"] = CFrame.new(-0.000000, -0.000200, -0.000000, 1.000000, -0.000000, 0.000000, 0.000000, 1.000000, -0.000000, 0.000000, 0.000000, 1.000000),
      ["LeftFoot"] = CFrame.new(0.000000, 0.027539, -0.001760, 0.995705, 0.091824, -0.013223, -0.080330, 0.931587, 0.359372, 0.038157, -0.342394, 0.937166),
      ["LeftHand"] = CFrame.new(0.000502, -0.003414, 0.000000, 0.983815, 0.165774, 0.068026, -0.158903, 0.631679, 0.758770, 0.082813, -0.757294, 0.647795),
      ["LeftLowerArm"] = CFrame.new(-0.000500, 0.036046, 0.007916, 1.000000, -0.000000, -0.000000, 0.000000, 0.920471, -0.390813, 0.000000, 0.390811, 0.920476),
      ["LeftLowerLeg"] = CFrame.new(0.000000, 0.037960, 0.001473, 1.000000, 0.000000, -0.000000, 0.000000, 0.992750, 0.104624, -0.000000, -0.129836, 0.993611),
      ["LeftUpperArm"] = CFrame.new(0.124596, 0.179361, -0.292116, 0.831332, -0.285677, -0.476734, 0.223476, -0.613559, 0.757366, -0.508867, -0.736162, -0.446228),
      ["LeftUpperLeg"] = CFrame.new(0.000000, 0.000000, -0.000100, 0.944140, -0.108004, 0.316108, 0.298456, 0.762004, -0.630665, -0.161966, 0.669812, 0.731536),
      ["LowerTorso"] = CFrame.new(-0.032532, 0.817554, -0.252499, 0.939122, 0.183093, -0.285974, 0.264523, -0.896148, 0.248214, -0.219256, -0.296938, -0.925432),
      ["Right Arm"] = CFrame.new(0.338102, 1.224415, 0.561474, 0.287399, 0.507635, -0.812225, -0.952412, 0.061507, -0.298557, -0.101601, 0.859374, 0.501153),
      ["Right Arm.001"] = CFrame.new(-0.000000, 0.000000, 0.000000, 1.000000, -0.000000, -0.000000, 0.000000, 1.000000, -0.000000, 0.000000, 0.000000, 1.000000),
      ["Right Leg"] = CFrame.new(-0.083859, 0.187958, -0.234785, -0.323632, -0.770706, -0.565290, 0.941738, -0.160726, -0.288496, 0.118486, -0.612044, 0.772798),
      ["Right Leg.001"] = CFrame.new(-0.000000, 0.000000, 0.000000, 1.000000, -0.000000, 0.000000, -0.000000, 1.000000, -0.000000, -0.000000, 0.000000, 1.000000),
      ["RightFoot"] = CFrame.new(0.000000, 0.029027, -0.001086, 0.998049, -0.029190, 0.055993, 0.007865, 0.980966, 0.209748, -0.057682, -0.182816, 0.978923),
      ["RightHand"] = CFrame.new(-0.000497, 0.004475, 0.000000, 0.996242, -0.086140, 0.009078, 0.025057, 0.386933, 0.921767, -0.082913, -0.918071, 0.387636),
      ["RightLowerArm"] = CFrame.new(-0.000001, 0.097264, 0.065496, 1.000000, 0.000000, 0.000000, -0.000000, 0.340971, -0.940078, -0.000000, 0.940075, 0.340973),
      ["RightLowerLeg"] = CFrame.new(-0.000000, 0.061768, -0.000683, 1.000000, 0.000000, 0.000000, -0.000000, 0.956887, 0.256402, 0.000000, -0.277062, 0.970501),
      ["RightUpperArm"] = CFrame.new(0.230929, 0.355798, -0.356764, 0.501153, 0.197509, 0.842517, -0.298557, -0.874361, 0.382564, 0.812225, -0.443263, -0.379220),
      ["RightUpperLeg"] = CFrame.new(0.000000, 0.000001, -0.000000, 0.682707, -0.690103, 0.222856, 0.416693, 0.106716, -0.949149, 0.611073, 0.716937, 0.341401),
      ["Torso"] = CFrame.new(-0.191819, -0.032851, -0.963330, 0.946809, 0.209842, -0.243966, 0.312473, -0.780697, 0.541178, -0.076902, -0.588624, -0.804741),
      ["UpperTorso"] = CFrame.new(0.017421, -0.062016, 0.000949, 0.978027, -0.102416, -0.181601, 0.213267, 0.654362, 0.779532, 0.037505, -0.770481, 0.636504)
    }},
    {Time = 0.310, Data = {
      ["Head"] = CFrame.new(0.000000, 0.000000, -0.000000, 0.981288, 0.055682, 0.184319, -0.178609, 0.620813, 0.763341, -0.071924, -0.781979, 0.619142),
      ["Head.001"] = CFrame.new(0.000000, 0.000000, 0.000000, -0.981288, 0.184319, 0.055682, 0.178609, 0.763341, 0.620813, 0.071924, 0.619142, -0.781978),
      ["Left Arm"] = CFrame.new(-0.109942, 0.694022, -0.149187, -0.116138, -0.868611, 0.481691, 0.923243, -0.273243, -0.270128, 0.366256, 0.413344, 0.833669),
      ["Left Arm.001"] = CFrame.new(-0.000000, 0.000100, -0.000500, 1.000000, 0.000000, -0.000000, -0.000000, 1.000000, 0.000000, 0.000000, 0.000000, 1.000000),
      ["Left Leg"] = CFrame.new(-0.080255, 0.291822, 0.090228, 0.031412, 0.996294, 0.046378, -0.977534, 0.054675, -0.208504, -0.216107, -0.034819, 0.976921),
      ["Left Leg.001"] = CFrame.new(-0.000000, -0.000200, 0.000000, 1.000000, -0.000000, 0.000000, 0.000000, 1.000000, -0.000000, 0.000000, 0.000000, 1.000000),
      ["LeftFoot"] = CFrame.new(-0.000000, 0.027604, -0.001474, 0.996402, 0.082490, -0.020345, -0.069806, 0.937257, 0.346551, 0.040675, -0.329549, 0.941668),
      ["LeftHand"] = CFrame.new(0.000504, -0.005455, -0.000000, 0.986906, 0.140368, 0.079453, -0.154445, 0.680362, 0.716418, 0.046506, -0.719304, 0.693130),
      ["LeftLowerArm"] = CFrame.new(-0.000500, 0.020432, 0.003224, 1.000000, -0.000000, -0.000000, 0.000000, 0.967312, -0.253590, 0.000000, 0.253588, 0.967318),
      ["LeftLowerLeg"] = CFrame.new(0.000000, 0.044533, 0.000548, 1.000000, -0.000000, -0.000000, 0.000000, 0.984372, 0.160468, -0.000000, -0.183827, 0.985888),
      ["LeftUpperArm"] = CFrame.new(0.125764, 0.202687, -0.278529, 0.833670, -0.306955, -0.459101, 0.270128, -0.498433, 0.823769, -0.481691, -0.810767, -0.332611),
      ["LeftUpperLeg"] = CFrame.new(0.000000, -0.000000, -0.000100, 0.945279, -0.106852, 0.312968, 0.301113, 0.738504, -0.657921, -0.150354, 0.694133, 0.710158),
      ["LowerTorso"] = CFrame.new(-0.031659, 0.806131, -0.247461, 0.944073, 0.189625, -0.264250, 0.263735, -0.896861, 0.246258, -0.197905, -0.290617, -0.932387),
      ["Right Arm"] = CFrame.new(0.271321, 1.253768, 0.539998, 0.363878, 0.548329, -0.752947, -0.923078, 0.104133, -0.370258, -0.124617, 0.829754, 0.544040),
      ["Right Arm.001"] = CFrame.new(-0.000000, -0.000000, 0.000000, 1.000000, -0.000000, 0.000000, -0.000000, 1.000000, 0.000000, 0.000000, 0.000000, 1.000000),
      ["Right Leg"] = CFrame.new(-0.127002, 0.241584, -0.242327, -0.342800, -0.771437, -0.552071, 0.924041, -0.141798, -0.350505, 0.182423, -0.616605, 0.756547),
      ["Right Leg.001"] = CFrame.new(0.000000, 0.000000, 0.000000, 1.000000, -0.000000, -0.000000, 0.000000, 1.000000, 0.000000, -0.000000, 0.000000, 1.000000),
      ["RightFoot"] = CFrame.new(-0.000000, 0.028850, -0.000651, 0.997694, -0.017749, 0.066212, -0.002493, 0.988783, 0.165591, -0.064771, -0.144021, 0.985337),
      ["RightHand"] = CFrame.new(-0.000497, 0.004391, 0.000000, 0.999450, -0.019651, 0.026721, -0.016561, 0.402374, 0.915326, -0.028739, -0.915260, 0.401826),
      ["RightLowerArm"] = CFrame.new(-0.000000, 0.096932, 0.064745, 1.000000, 0.000000, 0.000000, -0.000000, 0.348578, -0.937284, -0.000000, 0.937280, 0.348580),
      ["RightLowerLeg"] = CFrame.new(0.000000, 0.075308, -0.004418, 1.000000, 0.000000, 0.000000, -0.000000, 0.918710, 0.370314, 0.000000, -0.384848, 0.933156),
      ["RightUpperArm"] = CFrame.new(0.209485, 0.391649, -0.327125, 0.544040, 0.172433, 0.821149, -0.370258, -0.828880, 0.419365, 0.752947, -0.532189, -0.387099),
