return {
  ["BIo sexy slam down "] = {
    {Time = 0.000, Data = {
      ["Head"] = CFrame.new(-0.000000, 0.000000, 0.000000, 0.995150, 0.009236, -0.097933, -0.079091, 0.667079, -0.740777, 0.058487, 0.744930, 0.664574),
      ["Head.001"] = CFrame.new(0.000000, -0.000000, -0.000000, -0.995150, -0.097933, 0.009236, 0.079091, -0.740777, 0.667079, -0.058487, 0.664574, 0.744930),
      ["Left Arm"] = CFrame.new(0.207570, -0.553980, -0.011676, -0.426645, 0.902829, 0.053628, -0.903717, -0.427904, 0.014204, 0.035772, -0.042404, 0.998460),
      ["Left Arm.001"] = CFrame.new(-0.000000, 0.000100, -0.000500, 1.000000, -0.000000, 0.000000, -0.000000, 1.000000, 0.000000, -0.000000, 0.000000, 1.000000),
      ["Left Leg"] = CFrame.new(0.084761, 0.084366, 0.014825, -0.008946, 0.998852, 0.047031, -0.983002, -0.000142, -0.183774, -0.183562, -0.047873, 0.981843),
      ["Left Leg.001"] = CFrame.new(0.000000, -0.000200, -0.000000, 1.000000, 0.000000, 0.000000, 0.000000, 1.000000, 0.000000, 0.000000, 0.000000, 1.000000),
      ["LeftFoot"] = CFrame.new(0.000000, 0.006005, -0.000003, 0.970652, -0.147608, -0.189862, 0.049890, 0.895896, -0.441456, 0.235251, 0.419021, 0.876932),
      ["LeftHand"] = CFrame.new(0.000497, 0.005266, 0.000000, 0.997364, -0.062818, 0.036312, 0.064017, 0.997407, -0.032877, -0.034152, 0.035115, 0.998795),
      ["LeftLowerArm"] = CFrame.new(-0.000499, 0.103228, 0.099003, 1.000000, -0.000000, 0.000000, 0.000000, 0.003634, -0.999998, 0.000000, 0.999994, 0.003634),
      ["LeftLowerLeg"] = CFrame.new(0.000000, 0.027175, -0.002081, 1.000000, -0.000000, -0.000000, 0.000000, 0.977687, 0.210064, -0.000000, -0.210074, 0.977724),
      ["LeftUpperArm"] = CFrame.new(0.010211, -0.011102, -0.033151, 0.998460, 0.035926, 0.042274, -0.014204, 0.902151, -0.431185, -0.053629, 0.429921, 0.901272),
      ["LeftUpperLeg"] = CFrame.new(-0.000000, 0.000000, -0.000100, 0.980145, 0.101117, 0.170562, 0.197638, -0.428923, -0.881456, -0.015972, 0.897663, -0.440383),
      ["LowerTorso"] = CFrame.new(0.019330, -0.170046, -0.159914, 0.999987, 0.001653, -0.004865, 0.004729, -0.666282, 0.745685, -0.002008, -0.745698, -0.666281),
      ["Right Arm"] = CFrame.new(-0.172464, -0.516818, 0.012252, -0.363303, -0.929135, -0.068707, 0.930041, -0.366043, 0.032309, -0.055170, -0.052162, 0.997114),
      ["Right Arm.001"] = CFrame.new(0.000000, 0.000000, 0.000000, 1.000000, -0.000000, 0.000000, 0.000000, 1.000000, -0.000000, 0.000000, -0.000000, 1.000000),
      ["Right Leg"] = CFrame.new(-0.103212, 0.068235, 0.020746, -0.019215, -0.997938, -0.061223, 0.984011, -0.008009, -0.178111, 0.177259, -0.063663, 0.982104),
      ["Right Leg.001"] = CFrame.new(0.000000, -0.000000, 0.000000, 1.000000, 0.000000, 0.000000, 0.000000, 1.000000, -0.000000, -0.000000, 0.000000, 1.000000),
      ["RightFoot"] = CFrame.new(-0.000000, 0.005768, -0.000103, 0.973870, 0.136400, 0.181583, -0.045230, 0.900025, -0.433488, -0.222549, 0.413942, 0.882641),
      ["RightHand"] = CFrame.new(-0.000496, 0.005847, 0.000000, 0.998726, 0.043747, -0.025149, -0.046724, 0.989944, -0.133522, 0.019054, 0.134527, 0.990722),
      ["RightLowerArm"] = CFrame.new(-0.000001, 0.102918, 0.084327, 1.000000, 0.000000, -0.000000, -0.000000, 0.150410, -0.988628, -0.000000, 0.988625, 0.150411),
      ["RightLowerLeg"] = CFrame.new(0.000000, 0.024753, -0.001813, 1.000000, 0.000000, 0.000000, -0.000000, 0.981416, 0.191889, 0.000000, -0.191900, 0.981453),
      ["RightUpperArm"] = CFrame.new(0.001155, -0.026360, -0.020785, 0.997114, -0.062387, -0.043271, 0.032309, 0.864400, -0.501765, 0.068707, 0.498920, 0.863919),
      ["RightUpperLeg"] = CFrame.new(0.000000, 0.000000, -0.000000, 0.983743, -0.080751, -0.160403, -0.179532, -0.420967, -0.889132, 0.004274, 0.903474, -0.428612),
      ["Torso"] = CFrame.new(-0.010035, -1.023735, -1.658554, 0.999940, -0.010063, 0.004215, -0.001042, -0.472605, -0.881274, 0.010860, 0.881217, -0.472588),
      ["UpperTorso"] = CFrame.new(-0.007063, -0.013602, 0.070443, 0.999874, -0.004680, 0.015180, 0.008113, 0.972034, -0.234701, -0.013657, 0.234795, 0.971949)
    }},
    {Time = 0.034, Data = {
      ["Head"] = CFrame.new(-0.000000, 0.000000, 0.000000, 0.995150, 0.009236, -0.097933, -0.079091, 0.667079, -0.740777, 0.058487, 0.744930, 0.664574),
      ["Head.001"] = CFrame.new(0.000000, 0.000000, 0.000000, -0.995150, -0.097933, 0.009236, 0.079091, -0.740777, 0.667079, -0.058487, 0.664574, 0.744930),
      ["Left Arm"] = CFrame.new(0.203029, -0.549113, -0.010873, -0.421682, 0.905346, 0.050350, -0.906112, -0.422814, 0.014025, 0.033986, -0.039708, 0.998633),
      ["Left Arm.001"] = CFrame.new(-0.000000, 0.000100, -0.000500, 1.000000, -0.000000, 0.000000, -0.000000, 1.000000, -0.000000, -0.000000, 0.000000, 1.000000),
      ["Left Leg"] = CFrame.new(0.084249, 0.089114, 0.014385, -0.011905, 0.998813, 0.047196, -0.984570, -0.003450, -0.175144, -0.174779, -0.048551, 0.983411),
      ["Left Leg.001"] = CFrame.new(-0.000000, -0.000200, 0.000000, 1.000000, -0.000000, -0.000000, 0.000000, 1.000000, 0.000000, 0.000000, 0.000000, 1.000000),
      ["LeftFoot"] = CFrame.new(0.000000, 0.005901, -0.000003, 0.972616, -0.140852, -0.184873, 0.051911, 0.906999, -0.417925, 0.226538, 0.396878, 0.889438),
      ["LeftHand"] = CFrame.new(0.000497, 0.005196, -0.000000, 0.997597, -0.059990, 0.034651, 0.061315, 0.997374, -0.038552, -0.032248, 0.040584, 0.998651),
      ["LeftLowerArm"] = CFrame.new(-0.000499, 0.103177, 0.097482, 1.000000, -0.000000, 0.000000, 0.000000, 0.019007, -0.999824, 0.000000, 0.999820, 0.019008),
      ["LeftLowerLeg"] = CFrame.new(-0.000000, 0.026645, -0.001990, 1.000000, -0.000000, 0.000000, 0.000000, 0.978610, 0.205721, 0.000000, -0.205730, 0.978648),
      ["LeftUpperArm"] = CFrame.new(0.010297, -0.011013, -0.031512, 0.998633, 0.034735, 0.039055, -0.014025, 0.897908, -0.439960, -0.050350, 0.438812, 0.897167),
      ["LeftUpperLeg"] = CFrame.new(-0.000000, 0.000000, -0.000100, 0.981736, 0.099226, 0.162325, 0.189037, -0.412614, -0.891075, -0.021440, 0.905485, -0.423827),
      ["LowerTorso"] = CFrame.new(0.017087, -0.163995, -0.168870, 0.999987, 0.001651, -0.004859, 0.004758, -0.653200, 0.757171, -0.001924, -0.757184, -0.653199),
      ["Right Arm"] = CFrame.new(-0.165588, -0.510973, 0.012389, -0.357286, -0.931403, -0.069542, 0.932371, -0.360067, 0.032319, -0.055142, -0.053291, 0.997055),
      ["Right Arm.001"] = CFrame.new(0.000000, -0.000000, -0.000000, 1.000000, 0.000000, 0.000000, 0.000000, 1.000000, -0.000000, 0.000000, -0.000000, 1.000000),
      ["Right Leg"] = CFrame.new(-0.102950, 0.071331, 0.018766, -0.022690, -0.997806, -0.062179, 0.985164, -0.011710, -0.171411, 0.170312, -0.065143, 0.983235),
      ["Right Leg.001"] = CFrame.new(0.000000, 0.000000, 0.000000, 1.000000, 0.000000, 0.000000, -0.000000, 1.000000, 0.000000, 0.000000, 0.000000, 1.000000),
      ["RightFoot"] = CFrame.new(-0.000000, 0.005646, -0.000103, 0.975272, 0.131279, 0.177795, -0.048082, 0.911233, -0.409080, -0.215709, 0.390410, 0.894975),
      ["RightHand"] = CFrame.new(-0.000496, 0.005741, -0.000000, 0.998683, 0.044472, -0.025565, -0.047623, 0.989022, -0.139885, 0.019063, 0.140918, 0.989833),
      ["RightLowerArm"] = CFrame.new(-0.000000, 0.102597, 0.082698, 1.000000, 0.000000, -0.000000, -0.000000, 0.166908, -0.985977, -0.000000, 0.985973, 0.166909),
      ["RightLowerLeg"] = CFrame.new(-0.000000, 0.024139, -0.001718, 1.000000, 0.000000, -0.000000, -0.000000, 0.982380, 0.186890, 0.000000, -0.186900, 0.982418),
      ["RightUpperArm"] = CFrame.new(0.001184, -0.026364, -0.021202, 0.997055, -0.063263, -0.043341, 0.032319, 0.859189, -0.510635, 0.069542, 0.507732, 0.858703),
      ["RightUpperLeg"] = CFrame.new(-0.000000, -0.000000, 0.000000, 0.984872, -0.080079, -0.153673, -0.173008, -0.404202, -0.898158, 0.009808, 0.911157, -0.411933),
      ["Torso"] = CFrame.new(-0.008633, -1.029375, -1.650983, 0.999940, -0.010063, 0.004215, -0.001042, -0.472605, -0.881274, 0.010860, 0.881217, -0.472588),
      ["UpperTorso"] = CFrame.new(-0.006255, -0.015937, 0.062686, 0.999874, -0.004768, 0.015165, 0.007957, 0.975973, -0.217745, -0.013763, 0.217838, 0.975888)
    }},
    {Time = 0.069, Data = {
      ["Head"] = CFrame.new(-0.000000, 0.000000, 0.000000, 0.995150, 0.009236, -0.097933, -0.079091, 0.667079, -0.740777, 0.058487, 0.744930, 0.664574),
      ["Head.001"] = CFrame.new(0.000000, 0.000000, 0.000000, -0.995150, -0.097933, 0.009236, 0.079091, -0.740777, 0.667079, -0.058487, 0.664574, 0.744930),
      ["Left Arm"] = CFrame.new(0.196910, -0.542396, -0.009893, -0.414773, 0.908753, 0.046189, -0.909376, -0.415754, 0.013797, 0.031741, -0.036280, 0.998837),
      ["Left Arm.001"] = CFrame.new(0.000000, 0.000100, -0.000500, 1.000000, 0.000000, -0.000000, -0.000000, 1.000000, -0.000000, -0.000000, -0.000000, 1.000000),
      ["Left Leg"] = CFrame.new(0.083719, 0.095005, 0.013924, -0.014957, 0.998759, 0.047469, -0.986294, -0.006915, -0.165054, -0.164526, -0.049284, 0.985142),
      ["Left Leg.001"] = CFrame.new(0.000000, -0.000200, 0.000000, 1.000000, 0.000000, -0.000000, 0.000000, 1.000000, 0.000000, -0.000000, 0.000000, 1.000000),
      ["LeftFoot"] = CFrame.new(0.000000, 0.005772, -0.000003, 0.974801, -0.133017, -0.179081, 0.054335, 0.920177, -0.387718, 0.216352, 0.368213, 0.904181),
      ["LeftHand"] = CFrame.new(0.000497, 0.005101, 0.000000, 0.997878, -0.056400, 0.032544, 0.057877, 0.997246, -0.046385, -0.029838, 0.048171, 0.998389),
      ["LeftLowerArm"] = CFrame.new(-0.000499, 0.103070, 0.095427, 1.000000, -0.000000, 0.000000, 0.000000, 0.039764, -0.999214, 0.000000, 0.999210, 0.039765),
      ["LeftLowerLeg"] = CFrame.new(-0.000000, 0.025988, -0.001880, 1.000000, -0.000000, 0.000000, 0.000000, 0.979725, 0.200345, -0.000000, -0.200355, 0.979762),
      ["LeftUpperArm"] = CFrame.new(0.010400, -0.010899, -0.029432, 0.998837, 0.033159, 0.034990, -0.013797, 0.892121, -0.451585, -0.046189, 0.450579, 0.891540),
      ["LeftUpperLeg"] = CFrame.new(-0.000000, -0.000000, -0.000100, 0.983493, 0.097010, 0.152745, 0.178808, -0.391622, -0.902585, -0.027741, 0.914997, -0.402496),
      ["LowerTorso"] = CFrame.new(0.014314, -0.155811, -0.180961, 0.999987, 0.001650, -0.004854, 0.004793, -0.636754, 0.771052, -0.001819, -0.771065, -0.636753),
      ["Right Arm"] = CFrame.new(-0.156520, -0.502900, 0.012599, -0.348975, -0.934479, -0.070485, 0.935521, -0.351799, 0.032329, -0.055007, -0.054658, 0.996989),
      ["Right Arm.001"] = CFrame.new(-0.000000, 0.000000, 0.000000, 1.000000, 0.000000, -0.000000, -0.000000, 1.000000, 0.000000, 0.000000, 0.000000, 1.000000),
      ["Right Leg"] = CFrame.new(-0.102733, 0.075270, 0.016393, -0.026364, -0.997636, -0.063438, 0.986447, -0.015658, -0.163536, 0.162161, -0.066886, 0.984496),
      ["Right Leg.001"] = CFrame.new(-0.000000, -0.000000, 0.000000, 1.000000, -0.000000, 0.000000, 0.000000, 1.000000, -0.000000, 0.000000, -0.000000, 1.000000),
      ["RightFoot"] = CFrame.new(0.000000, 0.005493, -0.000103, 0.976839, 0.125355, 0.173409, -0.051558, 0.924441, -0.377827, -0.207662, 0.360132, 0.909457),
      ["RightHand"] = CFrame.new(-0.000496, 0.005628, 0.000000, 0.998635, 0.045291, -0.026033, -0.048670, 0.987692, -0.148649, 0.018981, 0.149713, 0.988542),
      ["RightLowerArm"] = CFrame.new(-0.000001, 0.102134, 0.080497, 1.000000, 0.000000, 0.000000, -0.000000, 0.189158, -0.981951, -0.000000, 0.981948, 0.189159),
      ["RightLowerLeg"] = CFrame.new(0.000000, 0.023377, -0.001603, 1.000000, 0.000000, -0.000000, -0.000000, 0.983538, 0.180692, 0.000000, -0.180703, 0.983577),
      ["RightUpperArm"] = CFrame.new(0.001217, -0.026369, -0.021674, 0.996989, -0.064353, -0.043266, 0.032328, 0.852083, -0.522407, 0.070485, 0.519436, 0.851596),
      ["RightUpperLeg"] = CFrame.new(0.000000, 0.000000, -0.000000, 0.986130, -0.079340, -0.145787, -0.165172, -0.382657, -0.909006, 0.016334, 0.920477, -0.390446),
      ["Torso"] = CFrame.new(-0.006901, -1.036992, -1.640918, 0.999940, -0.010063, 0.004215, -0.001042, -0.472605, -0.881274, 0.010860, 0.881217, -0.472588),
      ["UpperTorso"] = CFrame.new(-0.005255, -0.019323, 0.053003, 0.999874, -0.004877, 0.015147, 0.007762, 0.980435, -0.196692, -0.013891, 0.196785, 0.980348)
    }},
    {Time = 0.103, Data = {
      ["Head"] = CFrame.new(0.000000, 0.000000, 0.000000, 0.995150, 0.009236, -0.097933, -0.079091, 0.667079, -0.740777, 0.058487, 0.744930, 0.664574),
      ["Head.001"] = CFrame.new(0.000000, 0.000000, -0.000000, -0.995150, -0.097933, 0.009236, 0.079091, -0.740777, 0.667079, -0.058487, 0.664574, 0.744930),
      ["Left Arm"] = CFrame.new(0.189338, -0.533848, -0.008825, -0.405913, 0.912975, 0.041401, -0.913450, -0.406734, 0.013534, 0.029195, -0.032324, 0.999051),
      ["Left Arm.001"] = CFrame.new(0.000000, 0.000100, -0.000500, 1.000000, -0.000000, -0.000000, 0.000000, 1.000000, -0.000000, 0.000000, 0.000000, 1.000000),
      ["Left Leg"] = CFrame.new(0.083288, 0.101678, 0.013507, -0.017483, 0.998700, 0.047862, -0.987986, -0.009883, -0.154444, -0.153775, -0.049984, 0.986842),
      ["Left Leg.001"] = CFrame.new(0.000000, -0.000200, 0.000000, 1.000000, 0.000000, -0.000000, -0.000000, 1.000000, 0.000000, -0.000000, 0.000000, 1.000000),
      ["LeftFoot"] = CFrame.new(0.000000, 0.005627, -0.000003, 0.976963, -0.124879, -0.173056, 0.056965, 0.934094, -0.352459, 0.205658, 0.334478, 0.919652),
      ["LeftHand"] = CFrame.new(0.000497, 0.004982, 0.000000, 0.998179, -0.052269, 0.030118, 0.053905, 0.996956, -0.056334, -0.027081, 0.057855, 0.997953),
      ["LeftLowerArm"] = CFrame.new(-0.000499, 0.102877, 0.092881, 1.000000, -0.000000, 0.000000, 0.000000, 0.065487, -0.997858, 0.000000, 0.997854, 0.065488),
      ["LeftLowerLeg"] = CFrame.new(0.000000, 0.025251, -0.001760, 1.000000, -0.000000, 0.000000, 0.000000, 0.980937, 0.194321, -0.000000, -0.194332, 0.980975),
      ["LeftUpperArm"] = CFrame.new(0.010506, -0.010767, -0.027038, 0.999051, 0.031249, 0.030343, -0.013534, 0.884849, -0.465680, -0.041401, 0.464828, 0.884432),
      ["LeftUpperLeg"] = CFrame.new(0.000000, 0.000000, -0.000100, 0.985220, 0.094679, 0.142747, 0.167837, -0.367047, -0.914935, -0.034230, 0.925370, -0.377505),
      ["LowerTorso"] = CFrame.new(0.011224, -0.145638, -0.195913, 0.999987, 0.001649, -0.004851, 0.004833, -0.618075, 0.786104, -0.001702, -0.786117, -0.618075),
      ["Right Arm"] = CFrame.new(-0.145591, -0.492663, 0.012891, -0.338420, -0.938282, -0.071408, 0.939408, -0.341284, 0.032336, -0.054711, -0.056138, 0.996923),
      ["Right Arm.001"] = CFrame.new(0.000000, 0.000000, -0.000000, 1.000000, 0.000000, -0.000000, -0.000000, 1.000000, 0.000000, -0.000000, -0.000000, 1.000000),
      ["Right Leg"] = CFrame.new(-0.102788, 0.080331, 0.013897, -0.029294, -0.997458, -0.064944, 0.987738, -0.018893, -0.155187, 0.153570, -0.068690, 0.985748),
      ["Right Leg.001"] = CFrame.new(-0.000000, 0.000000, -0.000000, 1.000000, -0.000000, 0.000000, 0.000000, 1.000000, 0.000000, 0.000000, 0.000000, 1.000000),
      ["RightFoot"] = CFrame.new(-0.000000, 0.005332, -0.000103, 0.978404, 0.119215, 0.168858, -0.055337, 0.938173, -0.341719, -0.199149, 0.324993, 0.924473),
      ["RightHand"] = CFrame.new(-0.000496, 0.005488, 0.000000, 0.998586, 0.046095, -0.026491, -0.049747, 0.985906, -0.159734, 0.018755, 0.160826, 0.986800),
      ["RightLowerArm"] = CFrame.new(-0.000001, 0.101488, 0.077782, 1.000000, 0.000000, 0.000000, -0.000000, 0.216613, -0.976262, -0.000000, 0.976259, 0.216614),
      ["RightLowerLeg"] = CFrame.new(0.000000, 0.022588, -0.001490, 1.000000, 0.000000, 0.000000, -0.000000, 0.984690, 0.174309, -0.000000, -0.174320, 0.984728),
      ["RightUpperArm"] = CFrame.new(0.001250, -0.026373, -0.022136, 0.996923, -0.065572, -0.042954, 0.032336, 0.843174, -0.536667, 0.071409, 0.533628, 0.842699),
      ["RightUpperLeg"] = CFrame.new(0.000000, 0.000000, -0.000000, 0.987381, -0.078662, -0.137444, -0.156647, -0.357756, -0.920582, 0.023243, 0.930495, -0.365556),
      ["Torso"] = CFrame.new(-0.004972, -1.046428, -1.628665, 0.999940, -0.010063, 0.004215, -0.001042, -0.472605, -0.881274, 0.010860, 0.881217, -0.472588),
      ["UpperTorso"] = CFrame.new(-0.004139, -0.023782, 0.042076, 0.999873, -0.004999, 0.015126, 0.007543, 0.984872, -0.173119, -0.014032, 0.173211, 0.984785)
    }},
    {Time = 0.138, Data = {
      ["Head"] = CFrame.new(-0.000000, -0.000000, 0.000000, 0.995150, 0.009236, -0.097933, -0.079091, 0.667079, -0.740777, 0.058487, 0.744930, 0.664574),
      ["Head.001"] = CFrame.new(0.000000, 0.000000, 0.000000, -0.995150, -0.097933, 0.009236, 0.079091, -0.740777, 0.667079, -0.058487, 0.664574, 0.744930),
      ["Left Arm"] = CFrame.new(0.180434, -0.523483, -0.007751, -0.395094, 0.917927, 0.036231, -0.918264, -0.395758, 0.013248, 0.026500, -0.028035, 0.999256),
      ["Left Arm.001"] = CFrame.new(0.000000, 0.000100, -0.000500, 1.000000, 0.000000, 0.000000, 0.000000, 1.000000, -0.000000, 0.000000, -0.000000, 1.000000),
      ["Left Leg"] = CFrame.new(0.083085, 0.108803, 0.013163, -0.018914, 0.998648, 0.048390, -0.989542, -0.011753, -0.143996, -0.143237, -0.050605, 0.988394),
      ["Left Leg.001"] = CFrame.new(-0.000000, -0.000200, 0.000000, 1.000000, -0.000000, -0.000000, 0.000000, 1.000000, -0.000000, 0.000000, -0.000000, 1.000000),
      ["LeftFoot"] = CFrame.new(-0.000000, 0.005471, -0.000003, 0.978953, -0.117003, -0.167217, 0.059650, 0.947605, -0.313831, 0.195169, 0.297250, 0.934603),
      ["LeftHand"] = CFrame.new(0.000497, 0.004843, 0.000000, 0.998478, -0.047808, 0.027497, 0.049593, 0.996427, -0.068356, -0.024131, 0.069616, 0.997277),
      ["LeftLowerArm"] = CFrame.new(-0.000499, 0.102565, 0.089884, 1.000000, -0.000000, 0.000000, 0.000000, 0.095756, -0.995409, 0.000000, 0.995406, 0.095757),
      ["LeftLowerLeg"] = CFrame.new(-0.000000, 0.024470, -0.001638, 1.000000, -0.000000, -0.000000, 0.000000, 0.982176, 0.187960, -0.000000, -0.187971, 0.982214),
      ["LeftUpperArm"] = CFrame.new(0.010609, -0.010624, -0.024453, 0.999256, 0.029063, 0.025369, -0.013248, 0.876143, -0.481867, -0.036231, 0.481174, 0.875875),
      ["LeftUpperLeg"] = CFrame.new(-0.000000, -0.000000, -0.000100, 0.986800, 0.092391, 0.133004, 0.156813, -0.340039, -0.927244, -0.040442, 0.935861, -0.350031),
      ["LowerTorso"] = CFrame.new(0.008029, -0.133587, -0.213413, 0.999987, 0.001649, -0.004851, 0.004874, -0.598382, 0.801196, -0.001581, -0.801209, -0.598382),
      ["Right Arm"] = CFrame.new(-0.133099, -0.480293, 0.013265, -0.325655, -0.942729, -0.072196, 0.943938, -0.328546, 0.032340, -0.054208, -0.057617, 0.996866),
      ["Right Arm.001"] = CFrame.new(-0.000000, 0.000000, 0.000000, 1.000000, -0.000000, -0.000000, -0.000000, 1.000000, 0.000000, -0.000000, -0.000000, 1.000000),
      ["Right Leg"] = CFrame.new(-0.102983, 0.085439, 0.011322, -0.031399, -0.997282, -0.066641, 0.988961, -0.021310, -0.146860, 0.145046, -0.070513, 0.986910),
      ["Right Leg.001"] = CFrame.new(-0.000000, 0.000000, -0.000000, 1.000000, -0.000000, -0.000000, 0.000000, 1.000000, 0.000000, -0.000000, 0.000000, 1.000000),
      ["RightFoot"] = CFrame.new(-0.000000, 0.005148, -0.000103, 0.979859, 0.113277, 0.164452, -0.059295, 0.951443, -0.302065, -0.190678, 0.286230, 0.938960),
      ["RightHand"] = CFrame.new(-0.000496, 0.005322, 0.000000, 0.998544, 0.046782, -0.026879, -0.050741, 0.983601, -0.173072, 0.018342, 0.174184, 0.984538),
      ["RightLowerArm"] = CFrame.new(-0.000001, 0.100628, 0.074602, 1.000000, 0.000000, 0.000000, -0.000000, 0.248761, -0.968570, -0.000000, 0.968566, 0.248762),
      ["RightLowerLeg"] = CFrame.new(0.000000, 0.021683, -0.001364, 1.000000, 0.000000, 0.000000, -0.000000, 0.985958, 0.166987, -0.000000, -0.166999, 0.985996),
      ["RightUpperArm"] = CFrame.new(0.001279, -0.026375, -0.022530, 0.996866, -0.066836, -0.042321, 0.032340, 0.832532, -0.553032, 0.072197, 0.549931, 0.832083),
      ["RightUpperLeg"] = CFrame.new(0.000000, -0.000000, -0.000000, 0.988544, -0.078005, -0.129217, -0.147912, -0.330140, -0.932270, 0.030061, 0.940702, -0.337889),
      ["Torso"] = CFrame.new(-0.002978, -1.057523, -1.614533, 0.999940, -0.010063, 0.004215, -0.001042, -0.472605, -0.881274, 0.010860, 0.881217, -0.472588),
      ["UpperTorso"] = CFrame.new(-0.002985, -0.029230, 0.030559, 0.999873, -0.005124, 0.015105, 0.007314, 0.988865, -0.148632, -0.014176, 0.148724, 0.988777)
    }},
    {Time = 0.172, Data = {
      ["Head"] = CFrame.new(0.000000, 0.000000, 0.000000, 0.995150, 0.009236, -0.097933, -0.079091, 0.667079, -0.740777, 0.058487, 0.744930, 0.664574),
      ["Head.001"] = CFrame.new(0.000000, -0.000000, 0.000000, -0.995150, -0.097933, 0.009236, 0.079091, -0.740777, 0.667079, -0.058487, 0.664574, 0.744930),
      ["Left Arm"] = CFrame.new(0.170311, -0.511318, -0.006741, -0.382314, 0.923516, 0.030908, -0.923731, -0.382832, 0.012954, 0.023796, -0.023598, 0.999438),
      ["Left Arm.001"] = CFrame.new(0.000000, 0.000100, -0.000500, 1.000000, 0.000000, 0.000000, 0.000000, 1.000000, -0.000000, 0.000000, 0.000000, 1.000000),
      ["Left Leg"] = CFrame.new(0.083240, 0.116034, 0.012878, -0.018755, 0.998618, 0.049074, -0.990922, -0.012007, -0.134153, -0.133383, -0.051141, 0.989745),
      ["Left Leg.001"] = CFrame.new(0.000000, -0.000200, 0.000000, 1.000000, 0.000000, 0.000000, 0.000000, 1.000000, 0.000000, -0.000000, 0.000000, 1.000000),
      ["LeftFoot"] = CFrame.new(-0.000000, 0.005312, -0.000003, 0.980693, -0.109764, -0.161844, 0.062284, 0.959837, -0.273562, 0.185365, 0.258201, 0.948105),
      ["LeftHand"] = CFrame.new(0.000497, 0.004683, 0.000000, 0.998758, -0.043216, 0.024798, 0.045124, 0.995577, -0.082402, -0.021128, 0.083419, 0.996286),
      ["LeftLowerArm"] = CFrame.new(-0.000499, 0.102096, 0.086478, 1.000000, -0.000000, 0.000000, 0.000000, 0.130134, -0.991501, 0.000000, 0.991497, 0.130135),
      ["LeftLowerLeg"] = CFrame.new(-0.000000, 0.023671, -0.001517, 1.000000, -0.000000, -0.000000, 0.000000, 0.983396, 0.181467, 0.000000, -0.181477, 0.983434),
      ["LeftUpperArm"] = CFrame.new(0.010700, -0.010477, -0.021791, 0.999438, 0.026664, 0.020301, -0.012954, 0.866053, -0.499784, -0.030908, 0.499242, 0.865911),
      ["LeftUpperLeg"] = CFrame.new(0.000000, 0.000000, -0.000100, 0.988175, 0.090256, 0.123956, 0.146244, -0.311800, -0.938824, -0.046085, 0.945850, -0.321305),
      ["LowerTorso"] = CFrame.new(0.004941, -0.119727, -0.233099, 0.999987, 0.001651, -0.004854, 0.004913, -0.578992, 0.815319, -0.001465, -0.815332, -0.578992),
      ["Right Arm"] = CFrame.new(-0.119347, -0.465894, 0.013715, -0.310759, -0.947702, -0.072742, 0.948989, -0.313660, 0.032338, -0.053463, -0.058982, 0.996826),
      ["Right Arm.001"] = CFrame.new(-0.000000, 0.000000, 0.000000, 1.000000, -0.000000, 0.000000, -0.000000, 1.000000, -0.000000, 0.000000, 0.000000, 1.000000),
      ["Right Leg"] = CFrame.new(-0.103554, 0.090804, 0.008869, -0.031875, -0.997142, -0.068473, 0.990097, -0.022101, -0.138876, 0.136970, -0.072218, 0.987940),
      ["Right Leg.001"] = CFrame.new(0.000000, -0.000000, -0.000000, 1.000000, 0.000000, -0.000000, 0.000000, 1.000000, -0.000000, 0.000000, 0.000000, 1.000000),
      ["RightFoot"] = CFrame.new(0.000000, 0.004959, -0.000103, 0.981149, 0.107807, 0.160390, -0.063185, 0.963282, -0.260956, -0.182627, 0.245904, 0.951898),
      ["RightHand"] = CFrame.new(-0.000497, 0.005084, 0.000000, 0.998514, 0.047260, -0.027144, -0.051542, 0.980712, -0.188539, 0.017710, 0.189657, 0.981686),
      ["RightLowerArm"] = CFrame.new(-0.000000, 0.099488, 0.071022, 1.000000, 0.000000, 0.000000, -0.000000, 0.284959, -0.958544, -0.000000, 0.958541, 0.284961),
      ["RightLowerLeg"] = CFrame.new(0.000000, 0.020761, -0.001243, 1.000000, 0.000000, 0.000000, -0.000000, 0.987189, 0.159544, -0.000000, -0.159555, 0.987228),
      ["RightUpperArm"] = CFrame.new(0.001298, -0.026374, -0.022803, 0.996826, -0.068053, -0.041302, 0.032337, 0.820259, -0.571076, 0.072742, 0.567929, 0.819856),
      ["RightUpperLeg"] = CFrame.new(0.000000, 0.000000, -0.000000, 0.989575, -0.077419, -0.121438, -0.139332, -0.301319, -0.943287, 0.036437, 0.950375, -0.308958),
      ["Torso"] = CFrame.new(-0.001053, -1.070116, -1.598828, 0.999940, -0.010063, 0.004215, -0.001042, -0.472605, -0.881274, 0.010860, 0.881217, -0.472588),
      ["UpperTorso"] = CFrame.new(-0.001869, -0.035453, 0.019048, 0.999873, -0.005246, 0.015085, 0.007089, 0.992148, -0.124870, -0.014312, 0.124961, 0.992058)
    }},
    {Time = 0.207, Data = {
      ["Head"] = CFrame.new(0.000000, 0.000000, 0.000000, 0.995150, 0.009236, -0.097933, -0.079091, 0.667079, -0.740777, 0.058487, 0.744930, 0.664574),
      ["Head.001"] = CFrame.new(0.000000, 0.000000, -0.000000, -0.995150, -0.097933, 0.009236, 0.079091, -0.740777, 0.667079, -0.058487, 0.664574, 0.744930),
      ["Left Arm"] = CFrame.new(0.159085, -0.497381, -0.005848, -0.367584, 0.929638, 0.025637, -0.929753, -0.367975, 0.012661, 0.021204, -0.019182, 0.999591),
      ["Left Arm.001"] = CFrame.new(-0.000000, 0.000100, -0.000500, 1.000000, -0.000000, 0.000000, 0.000000, 1.000000, 0.000000, -0.000000, 0.000000, 1.000000),
      ["Left Leg"] = CFrame.new(0.083999, 0.123397, 0.012657, -0.016332, 0.998617, 0.049939, -0.992118, -0.009954, -0.125177, -0.124511, -0.051587, 0.990877),
      ["Left Leg.001"] = CFrame.new(0.000000, -0.000200, 0.000000, 1.000000, 0.000000, 0.000000, -0.000000, 1.000000, -0.000000, -0.000000, 0.000000, 1.000000),
      ["LeftFoot"] = CFrame.new(0.000000, 0.005162, -0.000003, 0.982156, -0.103387, -0.157104, 0.064749, 0.970164, -0.233652, 0.176567, 0.219313, 0.959509),
      ["LeftHand"] = CFrame.new(0.000497, 0.004505, 0.000000, 0.999007, -0.038668, 0.022125, 0.040666, 0.994315, -0.098409, -0.018194, 0.099212, 0.994895),
      ["LeftLowerArm"] = CFrame.new(-0.000499, 0.101435, 0.082711, 1.000000, -0.000000, -0.000000, 0.000000, 0.168156, -0.985765, 0.000000, 0.985761, 0.168156),
      ["LeftLowerLeg"] = CFrame.new(0.000000, 0.022932, -0.001410, 1.000000, -0.000000, 0.000000, 0.000000, 0.984483, 0.175474, 0.000000, -0.175485, 0.984521),
      ["LeftUpperArm"] = CFrame.new(0.010776, -0.010330, -0.019156, 0.999591, 0.024127, 0.015344, -0.012661, 0.854633, -0.519077, -0.025637, 0.518672, 0.854588),
      ["LeftUpperLeg"] = CFrame.new(0.000000, -0.000000, -0.000100, 0.989327, 0.088380, 0.115846, 0.136493, -0.283851, -0.949102, -0.050999, 0.954786, -0.292877),
      ["LowerTorso"] = CFrame.new(0.002174, -0.104094, -0.254560, 0.999987, 0.001652, -0.004859, 0.004949, -0.561311, 0.827590, -0.001360, -0.827603, -0.561312),
      ["Right Arm"] = CFrame.new(-0.104652, -0.449705, 0.014229, -0.293905, -0.953048, -0.072950, 0.954399, -0.296792, 0.032328, -0.052461, -0.060121, 0.996812),
      ["Right Arm.001"] = CFrame.new(0.000000, 0.000000, 0.000000, 1.000000, 0.000000, 0.000000, 0.000000, 1.000000, 0.000000, -0.000000, -0.000000, 1.000000),
      ["Right Leg"] = CFrame.new(-0.104610, 0.096083, 0.006644, -0.030283, -0.997059, -0.070386, 0.991142, -0.020812, -0.131422, 0.129574, -0.073739, 0.988825),
      ["Right Leg.001"] = CFrame.new(-0.000000, -0.000000, 0.000000, 1.000000, -0.000000, -0.000000, -0.000000, 1.000000, -0.000000, 0.000000, 0.000000, 1.000000),
      ["RightFoot"] = CFrame.new(-0.000000, 0.004767, -0.000103, 0.982253, 0.102951, 0.156779, -0.066841, 0.973152, -0.220252, -0.175240, 0.205867, 0.962726),
      ["RightHand"] = CFrame.new(-0.000497, 0.004656, -0.000000, 0.998502, 0.047446, -0.027237, -0.052050, 0.977186, -0.205908, 0.016846, 0.207017, 0.978188),
      ["RightLowerArm"] = CFrame.new(-0.000000, 0.097963, 0.067137, 1.000000, 0.000000, 0.000000, -0.000000, 0.324351, -0.945941, -0.000000, 0.945937, 0.324353),
      ["RightLowerLeg"] = CFrame.new(0.000000, 0.019836, -0.001127, 1.000000, 0.000000, 0.000000, -0.000000, 0.988363, 0.152101, -0.000000, -0.152113, 0.988402),
      ["RightUpperArm"] = CFrame.new(0.001306, -0.026369, -0.022907, 0.996812, -0.069125, -0.039855, 0.032328, 0.806532, -0.590305, 0.072950, 0.587136, 0.806194),
      ["RightUpperLeg"] = CFrame.new(-0.000000, -0.000000, -0.000000, 0.990462, -0.076883, -0.114339, -0.131188, -0.272554, -0.953153, 0.042117, 0.959063, -0.280034),
      ["Torso"] = CFrame.new(0.000671, -1.084047, -1.581859, 0.999940, -0.010063, 0.004215, -0.001042, -0.472605, -0.881274, 0.010860, 0.881217, -0.472588),
      ["UpperTorso"] = CFrame.new(-0.000868, -0.042107, 0.008072, 0.999872, -0.005355, 0.015067, 0.006886, 0.994607, -0.103491, -0.014431, 0.103581, 0.994516)
    }},
    {Time = 0.241, Data = {
      ["Head"] = CFrame.new(-0.000000, 0.000000, 0.000000, 0.995150, 0.009236, -0.097933, -0.079091, 0.667079, -0.740777, 0.058487, 0.744930, 0.664574),
      ["Head.001"] = CFrame.new(0.000000, 0.000000, 0.000000, -0.995150, -0.097933, 0.009236, 0.079091, -0.740777, 0.667079, -0.058487, 0.664574, 0.744930),
      ["Left Arm"] = CFrame.new(0.146942, -0.481917, -0.005109, -0.351056, 0.936128, 0.020600, -0.936170, -0.351340, 0.012379, 0.018826, -0.014939, 0.999711),
      ["Left Arm.001"] = CFrame.new(0.000000, 0.000100, -0.000500, 1.000000, -0.000000, -0.000000, -0.000000, 1.000000, 0.000000, 0.000000, 0.000000, 1.000000),
      ["Left Leg"] = CFrame.new(0.085223, 0.129425, 0.012318, -0.011883, 0.998625, 0.051020, -0.993124, -0.005817, -0.117212, -0.116758, -0.052059, 0.991795),
      ["Left Leg.001"] = CFrame.new(0.000000, -0.000200, -0.000000, 1.000000, 0.000000, 0.000000, -0.000000, 1.000000, 0.000000, 0.000000, -0.000000, 1.000000),
      ["LeftFoot"] = CFrame.new(0.000000, 0.004992, -0.000003, 0.983341, -0.097994, -0.153092, 0.067102, 0.978449, -0.195291, 0.168924, 0.181769, 0.968688),
      ["LeftHand"] = CFrame.new(0.000498, 0.004170, -0.000000, 0.999219, -0.034322, 0.019569, 0.036369, 0.992564, -0.116166, -0.015436, 0.116788, 0.993032),
      ["LeftLowerArm"] = CFrame.new(-0.000500, 0.100465, 0.078671, 1.000000, -0.000000, -0.000000, 0.000000, 0.209016, -0.977917, 0.000000, 0.977913, 0.209017),
      ["LeftLowerLeg"] = CFrame.new(-0.000000, 0.022101, -0.001294, 1.000000, -0.000000, 0.000000, 0.000000, 0.985658, 0.168748, 0.000000, -0.168759, 0.985697),
      ["LeftUpperArm"] = CFrame.new(0.010836, -0.010190, -0.016637, 0.999711, 0.021533, 0.010675, -0.012379, 0.842052, -0.539253, -0.020600, 0.538966, 0.842075),
      ["LeftUpperLeg"] = CFrame.new(0.000000, -0.000000, -0.000100, 0.990262, 0.086736, 0.108891, 0.127835, -0.256837, -0.957961, -0.055122, 0.962554, -0.265417),
      ["LowerTorso"] = CFrame.new(-0.000060, -0.086692, -0.277339, 0.999987, 0.001654, -0.004865, 0.004977, -0.546819, 0.837236, -0.001275, -0.837249, -0.546820),
      ["Right Arm"] = CFrame.new(-0.089166, -0.431551, 0.014785, -0.274995, -0.958691, -0.072736, 0.960087, -0.277843, 0.032310, -0.051185, -0.060947, 0.996828),
      ["Right Arm.001"] = CFrame.new(0.000000, 0.000000, -0.000000, 1.000000, -0.000000, 0.000000, -0.000000, 1.000000, -0.000000, 0.000000, -0.000000, 1.000000),
      ["Right Leg"] = CFrame.new(-0.106231, 0.100774, 0.004724, -0.026295, -0.997033, -0.072326, 0.992093, -0.017112, -0.124608, 0.123005, -0.075026, 0.989566),
      ["Right Leg.001"] = CFrame.new(-0.000000, -0.000000, -0.000000, 1.000000, -0.000000, 0.000000, 0.000000, 1.000000, -0.000000, 0.000000, 0.000000, 1.000000),
      ["RightFoot"] = CFrame.new(-0.000000, 0.004570, -0.000103, 0.983173, 0.098772, 0.153671, -0.070127, 0.980839, -0.181771, -0.168675, 0.167941, 0.971224),
      ["RightHand"] = CFrame.new(-0.000497, 0.004193, 0.000000, 0.998514, 0.047268, -0.027117, -0.052172, 0.972908, -0.225228, 0.015736, 0.226309, 0.973924),
      ["RightLowerArm"] = CFrame.new(-0.000000, 0.096113, 0.062955, 1.000000, 0.000000, 0.000000, -0.000000, 0.366703, -0.930342, -0.000000, 0.930339, 0.366705),
      ["RightLowerLeg"] = CFrame.new(-0.000000, 0.018900, -0.001016, 1.000000, 0.000000, 0.000000, -0.000000, 0.989488, 0.144601, 0.000000, -0.144613, 0.989528),
      ["RightUpperArm"] = CFrame.new(0.001298, -0.026360, -0.022800, 0.996828, -0.069968, -0.037932, 0.032310, 0.791315, -0.610553, 0.072736, 0.607392, 0.791065),
      ["RightUpperLeg"] = CFrame.new(-0.000000, -0.000000, -0.000000, 0.991207, -0.076348, -0.108076, -0.123723, -0.245090, -0.961571, 0.046926, 0.966489, -0.252375),
      ["Torso"] = CFrame.new(0.002061, -1.099158, -1.563933, 0.999940, -0.010063, 0.004215, -0.001042, -0.472605, -0.881274, 0.010860, 0.881217, -0.472588),
      ["UpperTorso"] = CFrame.new(-0.000062, -0.048727, -0.001918, 0.999872, -0.005443, 0.015052, 0.006721, 0.996258, -0.086161, -0.014527, 0.086251, 0.996167)
    }},
    {Time = 0.276, Data = {
      ["Head"] = CFrame.new(0.000000, 0.000000, 0.000000, 0.995150, 0.009236, -0.097933, -0.079091, 0.667079, -0.740777, 0.058487, 0.744930, 0.664574),
      ["Head.001"] = CFrame.new(0.000000, -0.000000, -0.000000, -0.995150, -0.097933, 0.009236, 0.079091, -0.740777, 0.667079, -0.058487, 0.664574, 0.744930),
      ["Left Arm"] = CFrame.new(0.133953, -0.464905, -0.004546, -0.332737, 0.942886, 0.015953, -0.942876, -0.332935, 0.012118, 0.016737, -0.011009, 0.999799),
      ["Left Arm.001"] = CFrame.new(-0.000000, 0.000100, -0.000500, 1.000000, -0.000000, -0.000000, -0.000000, 1.000000, -0.000000, 0.000000, -0.000000, 1.000000),
      ["Left Leg"] = CFrame.new(0.087108, 0.133804, 0.011814, -0.004975, 0.998614, 0.052359, -0.993928, 0.000844, -0.110338, -0.110233, -0.052588, 0.992514),
      ["Left Leg.001"] = CFrame.new(0.000000, -0.000200, 0.000000, 1.000000, 0.000000, 0.000000, 0.000000, 1.000000, 0.000000, 0.000000, 0.000000, 1.000000),
      ["LeftFoot"] = CFrame.new(0.000000, 0.004808, -0.000003, 0.984262, -0.093653, -0.149859, 0.069274, 0.984629, -0.160341, 0.162567, 0.147442, 0.975584),
      ["LeftHand"] = CFrame.new(0.000497, 0.003755, -0.000000, 0.999392, -0.030313, 0.017209, 0.032370, 0.990232, -0.135620, -0.012930, 0.136095, 0.990607),
      ["LeftLowerArm"] = CFrame.new(-0.000500, 0.099203, 0.074391, 1.000000, -0.000000, -0.000000, 0.000000, 0.252320, -0.967649, 0.000000, 0.967645, 0.252321),
      ["LeftLowerLeg"] = CFrame.new(0.000000, 0.021203, -0.001174, 1.000000, -0.000000, 0.000000, 0.000000, 0.986872, 0.161496, 0.000000, -0.161507, 0.986911),
      ["LeftUpperArm"] = CFrame.new(0.010880, -0.010059, -0.014314, 0.999799, 0.018974, 0.006430, -0.012118, 0.828358, -0.560067, -0.015953, 0.559878, 0.828421),
      ["LeftUpperLeg"] = CFrame.new(0.000000, 0.000000, -0.000100, 0.990992, 0.085382, 0.103175, 0.120492, -0.232186, -0.965177, -0.058453, 0.968916, -0.240376),
      ["LowerTorso"] = CFrame.new(-0.001549, -0.067514, -0.300955, 0.999987, 0.001655, -0.004869, 0.004997, -0.537027, 0.843550, -0.001218, -0.843564, -0.537028),
      ["Right Arm"] = CFrame.new(-0.073007, -0.411233, 0.015355, -0.253906, -0.964544, -0.072026, 0.965960, -0.256686, 0.032282, -0.049626, -0.061377, 0.996880),
      ["Right Arm.001"] = CFrame.new(-0.000000, 0.000000, 0.000000, 1.000000, -0.000000, -0.000000, 0.000000, 1.000000, 0.000000, -0.000000, -0.000000, 1.000000),
      ["Right Leg"] = CFrame.new(-0.108467, 0.104169, 0.003166, -0.019713, -0.997044, -0.074241, 0.992928, -0.010794, -0.118509, 0.117360, -0.076048, 0.990174),
      ["Right Leg.001"] = CFrame.new(0.000000, 0.000000, 0.000000, 1.000000, 0.000000, -0.000000, -0.000000, 1.000000, 0.000000, 0.000000, -0.000000, 1.000000),
      ["RightFoot"] = CFrame.new(-0.000000, 0.004362, -0.000103, 0.983919, 0.095288, 0.151077, -0.072923, 0.986412, -0.147231, -0.163049, 0.133853, 0.977461),
      ["RightHand"] = CFrame.new(-0.000497, 0.003858, 0.000000, 0.998553, 0.046661, -0.026745, -0.051825, 0.967740, -0.246564, 0.014378, 0.247594, 0.968752),
      ["RightLowerArm"] = CFrame.new(-0.000000, 0.093994, 0.058489, 1.000000, 0.000000, 0.000000, -0.000000, 0.411806, -0.911276, -0.000000, 0.911273, 0.411807),
      ["RightLowerLeg"] = CFrame.new(-0.000000, 0.017917, -0.000906, 1.000000, 0.000000, 0.000000, -0.000000, 0.990604, 0.136745, 0.000000, -0.136758, 0.990644),
      ["RightUpperArm"] = CFrame.new(0.001271, -0.026346, -0.022445, 0.996880, -0.070498, -0.035496, 0.032282, 0.774543, -0.631696, 0.072026, 0.628580, 0.774402),
      ["RightUpperLeg"] = CFrame.new(0.000000, 0.000000, -0.000000, 0.991816, -0.075749, -0.102782, -0.117167, -0.220099, -0.968413, 0.050734, 0.972531, -0.227167),
      ["Torso"] = CFrame.new(0.002983, -1.115286, -1.545358, 0.999940, -0.010063, 0.004215, -0.001042, -0.472605, -0.881274, 0.010860, 0.881217, -0.472588),
      ["UpperTorso"] = CFrame.new(0.000472, -0.054765, -0.010543, 0.999872, -0.005502, 0.015042, 0.006609, 0.997196, -0.074548, -0.014590, 0.074638, 0.997104)
    }},
    {Time = 0.310, Data = {
      ["Head"] = CFrame.new(0.000000, -0.000000, 0.000000, 0.995150, 0.009236, -0.097933, -0.079091, 0.667079, -0.740777, 0.058487, 0.744930, 0.664574),
      ["Head.001"] = CFrame.new(0.000000, 0.000000, 0.000000, -0.995150, -0.097933, 0.009236, 0.079091, -0.740777, 0.667079, -0.058487, 0.664574, 0.744930),
      ["Left Arm"] = CFrame.new(0.120091, -0.446114, -0.004166, -0.312500, 0.949845, 0.011829, -0.949804, -0.312631, 0.011884, 0.014986, -0.007521, 0.999859),
      ["Left Arm.001"] = CFrame.new(-0.000000, 0.000100, -0.000500, 1.000000, -0.000000, 0.000000, -0.000000, 1.000000, -0.000000, 0.000000, 0.000000, 1.000000),
      ["Left Leg"] = CFrame.new(0.089702, 0.135556, 0.011025, 0.004427, 0.998529, 0.054011, -0.994496, 0.010078, -0.104612, -0.105006, -0.053248, 0.993045),
      ["Left Leg.001"] = CFrame.new(0.000000, -0.000200, -0.000000, 1.000000, 0.000000, 0.000000, 0.000000, 1.000000, 0.000000, 0.000000, 0.000000, 1.000000),
      ["LeftFoot"] = CFrame.new(0.000000, 0.004592, -0.000003, 0.984931, -0.090402, -0.147437, 0.071264, 0.988913, -0.130290, 0.157576, 0.117827, 0.980417),
      ["LeftHand"] = CFrame.new(0.000498, 0.003502, 0.000000, 0.999528, -0.026755, 0.015114, 0.028797, 0.987202, -0.156854, -0.010724, 0.157216, 0.987501),
      ["LeftLowerArm"] = CFrame.new(-0.000500, 0.097744, 0.069860, 1.000000, -0.000000, -0.000000, 0.000000, 0.298019, -0.954564, 0.000000, 0.954561, 0.298021),
      ["LeftLowerLeg"] = CFrame.new(0.000000, 0.020158, -0.001042, 1.000000, -0.000000, -0.000000, 0.000000, 0.988210, 0.153094, -0.000000, -0.153107, 0.988249),
      ["LeftUpperArm"] = CFrame.new(0.010910, -0.009942, -0.012252, 0.999859, 0.016547, 0.002713, -0.011884, 0.813471, -0.581483, -0.011829, 0.581370, 0.813553),
      ["LeftUpperLeg"] = CFrame.new(-0.000000, -0.000000, -0.000100, 0.991528, 0.084324, 0.098804, 0.114671, -0.210919, -0.970752, -0.061018, 0.973859, -0.218795),
      ["LowerTorso"] = CFrame.new(-0.002080, -0.046556, -0.324926, 0.999987, 0.001656, -0.004871, 0.005004, -0.533437, 0.845825, -0.001198, -0.845838, -0.533439),
      ["Right Arm"] = CFrame.new(-0.056586, -0.389569, 0.015915, -0.231225, -0.970325, -0.070754, 0.971728, -0.233907, 0.032243, -0.047837, -0.061298, 0.996973),
      ["Right Arm.001"] = CFrame.new(-0.000000, -0.000000, -0.000000, 1.000000, 0.000000, -0.000000, 0.000000, 1.000000, -0.000000, 0.000000, 0.000000, 1.000000),
      ["Right Leg"] = CFrame.new(-0.111333, 0.105321, 0.002001, -0.010475, -0.997045, -0.076087, 0.993606, -0.001789, -0.113188, 0.112720, -0.076783, 0.990656),
      ["Right Leg.001"] = CFrame.new(0.000000, 0.000000, -0.000000, 1.000000, 0.000000, -0.000000, 0.000000, 1.000000, 0.000000, 0.000000, -0.000000, 1.000000),
      ["RightFoot"] = CFrame.new(0.000000, 0.004125, -0.000103, 0.984503, 0.092492, 0.148994, -0.075130, 0.990143, -0.118217, -0.158455, 0.105199, 0.981711),
      ["RightHand"] = CFrame.new(-0.000498, 0.003260, 0.000000, 0.998620, 0.045568, -0.026091, -0.050920, 0.961720, -0.269263, 0.012822, 0.270220, 0.962708),
      ["RightLowerArm"] = CFrame.new(-0.000000, 0.091345, 0.053931, 1.000000, 0.000000, 0.000000, -0.000000, 0.457961, -0.888977, -0.000000, 0.888973, 0.457963),
      ["RightLowerLeg"] = CFrame.new(-0.000000, 0.016812, -0.000790, 1.000000, 0.000000, 0.000000, -0.000000, 0.991779, 0.127949, 0.000000, -0.127962, 0.991819),
      ["RightUpperArm"] = CFrame.new(0.001225, -0.026327, -0.021809, 0.996973, -0.070597, -0.032586, 0.032243, 0.756715, -0.652948, 0.070755, 0.649922, 0.756700),
