return {
  ["Bio duo pose  leaning  anim v1"] = {
    {Time = 0.000, Data = {
      ["FK_Foot.L"] = CFrame.new(-0.000000, -0.000000, -0.000000, 1.000000, 0.000000, -0.000000, -0.000000, 0.999846, -0.017521, 0.000000, 0.017521, 0.999847),
      ["FK_Foot.R"] = CFrame.new(-0.000000, -0.000000, 0.000000, 1.000000, -0.000000, -0.000000, 0.000000, 0.999846, -0.017521, -0.000000, 0.017521, 0.999846),
      ["FK_Hand.L"] = CFrame.new(-0.000000, -0.000001, 0.000000, 1.000000, -0.000000, 0.000011, -0.000000, 0.999938, 0.011080, -0.000011, -0.011080, 0.999939),
      ["FK_Hand.R"] = CFrame.new(0.000000, -0.000001, 0.000000, 0.999968, -0.007999, -0.000011, 0.007999, 0.999906, 0.011080, -0.000077, -0.011079, 0.999938),
      ["FK_LowerArm.L"] = CFrame.new(-0.000500, 0.000000, 0.000000, 1.000000, -0.000000, 0.000000, -0.000000, 0.999772, -0.021364, -0.000000, 0.021364, 0.999772),
      ["FK_LowerArm.R"] = CFrame.new(0.999500, -0.000000, 0.000000, 1.000000, -0.000000, -0.000000, -0.000000, 0.999772, -0.021364, 0.000000, 0.021364, 0.999772),
      ["FK_LowerLeg.L"] = CFrame.new(0.000000, 0.000000, 0.000000, 1.000000, -0.000000, -0.000000, -0.000000, 0.999632, 0.027116, 0.000000, -0.027116, 0.999632),
      ["FK_LowerLeg.R"] = CFrame.new(0.000000, -0.000000, -0.000000, 1.000000, -0.000000, 0.000000, -0.000000, 0.999632, 0.027116, -0.000000, -0.027116, 0.999632),
      ["FK_UpperArm.L"] = CFrame.new(0.000500, 0.000000, 0.000000, 1.000000, -0.000000, -0.000001, -0.000000, 0.999917, 0.012867, 0.000001, -0.012867, 0.999917),
      ["FK_UpperArm.R"] = CFrame.new(1.999500, 0.000000, 0.000000, 1.000000, -0.000000, 0.000001, -0.000000, 0.999917, 0.012867, -0.000001, -0.012867, 0.999917),
      ["FK_UpperLeg.L"] = CFrame.new(-0.000000, 0.000000, 0.000000, 1.000000, -0.000000, -0.000000, -0.000000, 0.999931, -0.011784, 0.000000, 0.011784, 0.999931),
      ["FK_UpperLeg.R"] = CFrame.new(1.000000, 0.000000, 0.000000, 1.000000, -0.000000, 0.000000, -0.000000, 0.999931, -0.011784, -0.000000, 0.011784, 0.999931),
      ["Head"] = CFrame.new(-0.069478, 0.042217, 0.017986, 0.384509, -0.538020, -0.750125, 0.254803, 0.842885, -0.473941, 0.887259, -0.008900, 0.461186),
      ["HEAD"] = CFrame.new(0.159040, 3.606826, -1.123688, 0.161427, -0.174667, -0.971305, 0.652255, 0.757489, -0.027815, 0.740611, -0.629048, 0.236207),
      ["IK_Hand.L"] = CFrame.new(-0.969917, 2.029211, -1.656846, -0.695298, 0.528244, -0.436499, 0.637510, 0.691455, -0.276672, 0.148481, -0.492794, -0.856108),
      ["IK_Hand.R"] = CFrame.new(2.076891, 2.370159, -0.810322, 0.237581, 0.868961, -0.479162, -0.661425, -0.182585, -0.802919, -0.711387, 0.459967, 0.586504),
      ["IK_LEG.L"] = CFrame.new(-1.004331, 0.315650, -1.106936, 0.883771, 0.040501, -0.466165, -0.047935, 0.998842, -0.004096, 0.465459, 0.025965, 0.884688),
      ["IK_LEG.R"] = CFrame.new(-0.175470, 0.309635, 0.038409, 0.996277, 0.081740, -0.255587, -0.045453, 0.987675, 0.150221, 0.273771, -0.133478, 0.955044),
      ["IK_SuperArm.L"] = CFrame.new(0.082123, -0.000199, 0.041691, 1.000000, -0.000000, -0.000000, -0.000000, 0.999917, 0.012867, 0.000001, -0.012867, 0.999917),
      ["IK_SuperArm.R"] = CFrame.new(1.859826, -0.218870, -0.124123, 1.000000, -0.000000, 0.000001, -0.000000, 0.999917, 0.012867, -0.000001, -0.012867, 0.999917),
      ["IK_SuperLeg.L"] = CFrame.new(-0.000000, 0.000000, 0.000000, 1.000000, -0.000000, -0.000000, -0.000000, 0.999931, -0.011784, 0.000000, 0.011784, 0.999931),
      ["IK_SuperLeg.R"] = CFrame.new(1.000000, 0.000000, 0.000000, 1.000000, -0.000000, 0.000000, -0.000000, 0.999931, -0.011784, -0.000000, 0.011784, 0.999931),
      ["LeftFoot"] = CFrame.new(-0.000001, 0.000181, -0.000001, 0.927394, -0.258965, 0.327225, 0.194393, 0.973731, 0.219677, -0.369257, -0.137781, 0.937478),
      ["LeftHand"] = CFrame.new(0.000004, 0.000007, -0.000001, 0.240707, -0.390787, -0.888452, 0.668555, 0.730345, -0.140113, 0.703630, -0.560252, 0.437061),
      ["LeftLowerArm"] = CFrame.new(-0.000000, -0.000000, -0.000001, 1.000000, -0.000000, -0.000000, 0.000000, 0.894494, -0.447080, -0.000000, 0.447080, 0.894494),
      ["LeftLowerLeg"] = CFrame.new(-0.000000, -0.000001, -0.000001, 0.983326, 0.000000, -0.000001, 0.000000, 0.973763, 0.136815, 0.000000, -0.136815, 0.973762),
      ["LeftUpperArm"] = CFrame.new(0.081908, -0.000031, 0.041271, 0.428679, 0.184515, -0.884414, -0.335592, 0.941402, 0.033742, 0.838816, 0.282338, 0.465482),
      ["LeftUpperLeg"] = CFrame.new(-0.000002, 0.000000, 0.000000, 0.855576, -0.041035, -0.516048, -0.180384, 0.910747, -0.371486, 0.485233, 0.410921, 0.771811),
      ["LowerTorso"] = CFrame.new(-0.433035, -0.148203, -0.368396, 0.946433, 0.167929, -0.275797, -0.163768, 0.985758, 0.038223, 0.278288, 0.008991, 0.960456),
      ["MCH_IK_Foot.L"] = CFrame.new(-1.004333, 0.315650, -1.106938, 0.883771, 0.040501, -0.466164, -0.047935, 0.998842, -0.004096, 0.465459, 0.025965, 0.884689),
      ["MCH_IK_Foot.R"] = CFrame.new(-0.175473, 0.309635, 0.038405, 0.963324, 0.081739, -0.255586, -0.043950, 0.987675, 0.150221, 0.264715, -0.133479, 0.955044),
      ["MCH_IK_Hand.L"] = CFrame.new(-0.969918, 2.029210, -1.656846, -0.728208, 0.528376, -0.436499, 0.667463, 0.691336, -0.276672, 0.155580, -0.492822, -0.856108),
      ["MCH_IK_Hand.R"] = CFrame.new(2.076891, 2.370159, -0.810322, 0.237581, 0.868961, -0.434122, -0.661425, -0.182585, -0.727447, -0.711387, 0.459967, 0.531374),
      ["MCH_IK_LIMIT_UpperArm.L"] = CFrame.new(-0.000001, -0.000000, 0.000000, 0.981112, 0.110698, -0.156706, -0.187647, 0.736695, -0.628591, 0.046985, 0.630659, 0.761785),
      ["MCH_IK_LIMIT_UpperArm.R"] = CFrame.new(-0.000000, -0.000000, -0.000000, 0.294909, -0.684932, 0.565054, 0.871624, -0.022558, -0.489518, 0.391537, 0.566115, 0.664143),
      ["MCH_IK_LIMIT_UpperLeg.L"] = CFrame.new(-0.000000, -0.000000, 0.000000, 0.999995, -0.003060, 0.000569, 0.003103, 0.929053, -0.342189, 0.000524, 0.338339, 0.939631),
      ["MCH_IK_LIMIT_UpperLeg.R"] = CFrame.new(-0.000001, -0.000000, -0.000002, 0.997311, -0.062663, -0.006307, 0.072913, 0.841055, 0.185401, -0.007356, -0.159089, 0.982643),
      ["MCH_IK_LowerArm.L"] = CFrame.new(-0.000501, 0.000000, -0.000000, 1.000000, -0.000000, -0.000000, 0.000000, 0.894494, -0.447080, -0.000000, 0.447080, 0.894494),
      ["MCH_IK_LowerArm.R"] = CFrame.new(0.999499, 0.000000, 0.000000, 1.000000, -0.000000, 0.000000, -0.000000, 0.532572, -0.846385, 0.000000, 0.846385, 0.532572),
      ["MCH_IK_LowerLeg.L"] = CFrame.new(-0.000000, -0.000000, -0.000001, 0.983326, 0.000000, -0.000000, -0.000000, 0.973763, 0.136815, 0.000000, -0.136815, 0.973762),
      ["MCH_IK_LowerLeg.R"] = CFrame.new(-0.000000, -0.000000, -0.000000, 0.928572, -0.000000, 0.000000, -0.000000, 0.548843, 0.749012, -0.000000, -0.749012, 0.548843),
      ["MCH_IK_UpperArm.L"] = CFrame.new(0.082123, -0.000199, 0.041691, 0.428679, 0.184515, -0.884414, -0.335592, 0.941402, 0.033742, 0.838816, 0.282338, 0.465482),
      ["MCH_IK_UpperArm.R"] = CFrame.new(1.859825, -0.218870, -0.124123, 0.320633, -0.924490, 0.206185, 0.935343, 0.343365, 0.085049, -0.149424, 0.165584, 0.974810),
      ["MCH_IK_UpperLeg.L"] = CFrame.new(-0.000001, 0.000000, 0.000000, 0.855576, -0.041035, -0.516048, -0.180384, 0.910747, -0.371486, 0.485234, 0.410921, 0.771811),
      ["MCH_IK_UpperLeg.R"] = CFrame.new(0.999999, -0.000000, -0.000002, 0.984873, -0.137398, -0.105575, 0.098454, 0.945116, -0.311549, 0.142587, 0.296442, 0.944347),
      ["MCH_INT_IK_LEG.L"] = CFrame.new(-1.004332, 0.315650, -1.106938, 0.883770, 0.040501, -0.466164, -0.047935, 0.998842, -0.004096, 0.465459, 0.025965, 0.884688),
      ["MCH_INT_IK_LEG.R"] = CFrame.new(-0.175472, 0.309635, 0.038408, 0.996277, 0.081740, -0.255587, -0.045453, 0.987675, 0.150221, 0.273771, -0.133479, 0.955044),
      ["MCH_LowerTorso"] = CFrame.new(-0.433035, 1.851797, -0.368396, 0.946433, 0.167929, -0.275797, -0.163768, 0.985758, 0.038223, 0.278288, 0.008991, 0.960456),
      ["MCH_SWITCH_Foot.L"] = CFrame.new(-0.000001, 0.000181, -0.000001, 0.927395, -0.258966, 0.327225, 0.194393, 0.973731, 0.219677, -0.369257, -0.137781, 0.937478),
      ["MCH_SWITCH_Foot.R"] = CFrame.new(0.000000, 0.000096, 0.000001, 1.063567, -0.041696, 0.163855, 0.117893, 0.930985, -0.528325, -0.121195, 0.539711, 0.924004),
      ["MCH_SWITCH_Hand.L"] = CFrame.new(-0.969918, 2.029210, -1.656846, -0.728208, 0.528376, -0.436499, 0.667463, 0.691336, -0.276673, 0.155580, -0.492822, -0.856108),
      ["MCH_SWITCH_Hand.R"] = CFrame.new(2.076891, 2.370159, -0.810322, 0.237581, 0.868961, -0.434122, -0.661425, -0.182585, -0.727447, -0.711387, 0.459967, 0.531374),
      ["MCH_SWITCH_LowerArm.L"] = CFrame.new(-0.000501, 0.000000, -0.000000, 1.000000, -0.000000, -0.000000, 0.000000, 0.894494, -0.447080, -0.000000, 0.447080, 0.894494),
      ["MCH_SWITCH_LowerArm.R"] = CFrame.new(0.999500, 0.000000, -0.000000, 1.000000, -0.000000, 0.000000, -0.000000, 0.532572, -0.846385, 0.000000, 0.846385, 0.532572),
      ["MCH_SWITCH_LowerLeg.L"] = CFrame.new(-0.000000, -0.000000, -0.000001, 0.983326, 0.000000, -0.000000, -0.000000, 0.973763, 0.136815, 0.000000, -0.136815, 0.973762),
      ["MCH_SWITCH_LowerLeg.R"] = CFrame.new(-0.000000, 0.000000, 0.000000, 0.928572, -0.000000, 0.000000, -0.000000, 0.548843, 0.749012, -0.000000, -0.749012, 0.548843),
      ["MCH_SWITCH_UpperArm.L"] = CFrame.new(0.082123, -0.000199, 0.041691, 0.428679, 0.184515, -0.884414, -0.335592, 0.941402, 0.033742, 0.838816, 0.282338, 0.465482),
      ["MCH_SWITCH_UpperArm.R"] = CFrame.new(1.859825, -0.218870, -0.124123, 0.320633, -0.924490, 0.206185, 0.935343, 0.343365, 0.085049, -0.149424, 0.165584, 0.974810),
      ["MCH_SWITCH_UpperLeg.L"] = CFrame.new(-0.000001, 0.000000, 0.000000, 0.855576, -0.041035, -0.516048, -0.180384, 0.910747, -0.371486, 0.485234, 0.410921, 0.771811),
      ["MCH_SWITCH_UpperLeg.R"] = CFrame.new(0.999998, -0.000000, -0.000003, 0.984873, -0.137397, -0.105575, 0.098454, 0.945116, -0.311549, 0.142587, 0.296442, 0.944347),
      ["ORG_Foot.L"] = CFrame.new(-1.004333, 0.315650, -1.106939, 0.883771, 0.040501, -0.466164, -0.047935, 0.998842, -0.004096, 0.465459, 0.025965, 0.884689),
      ["ORG_Foot.R"] = CFrame.new(-0.175474, 0.309635, 0.038405, 0.963324, 0.081739, -0.255586, -0.043950, 0.987675, 0.150221, 0.264715, -0.133479, 0.955044),
      ["ORG_Hand.L"] = CFrame.new(-0.969918, 2.029209, -1.656846, -0.728208, 0.528376, -0.436499, 0.667463, 0.691336, -0.276673, 0.155580, -0.492822, -0.856108),
      ["ORG_Hand.R"] = CFrame.new(2.076891, 2.370159, -0.810322, 0.237581, 0.868961, -0.434122, -0.661425, -0.182585, -0.727447, -0.711387, 0.459967, 0.531374),
      ["ORG_LowerArm.L"] = CFrame.new(0.000000, -0.000000, 0.000000, 1.000000, 0.000000, -0.000000, -0.000000, 1.000000, 0.000000, 0.000000, -0.000000, 1.000000),
      ["ORG_LowerArm.R"] = CFrame.new(0.000000, 0.000000, -0.000000, 1.000000, 0.000000, 0.000000, 0.000000, 1.000000, -0.000000, 0.000000, 0.000000, 1.000000),
      ["ORG_LowerLeg.L"] = CFrame.new(0.000000, -0.000000, 0.000000, 1.000000, 0.000000, 0.000000, 0.000000, 1.000000, 0.000000, -0.000000, 0.000000, 1.000000),
      ["ORG_LowerLeg.R"] = CFrame.new(0.000000, -0.000000, -0.000000, 1.000000, -0.000000, 0.000000, 0.000000, 1.000000, 0.000000, 0.000000, 0.000000, 1.000000),
      ["ORG_UpperArm.L"] = CFrame.new(-0.000500, 0.000000, -0.000000, 1.000000, 0.000000, 0.000000, -0.000000, 1.000000, -0.000000, -0.000000, -0.000000, 1.000000),
      ["ORG_UpperArm.R"] = CFrame.new(0.000500, 0.000000, 0.000000, 1.000000, -0.000000, -0.000000, -0.000000, 1.000000, 0.000000, 0.000000, -0.000000, 1.000000),
      ["ORG_UpperLeg.L"] = CFrame.new(0.000000, -0.000000, 0.000000, 1.000000, 0.000000, 0.000000, -0.000000, 1.000000, -0.000000, -0.000000, 0.000000, 1.000000),
      ["ORG_UpperLeg.R"] = CFrame.new(-0.000000, 0.000000, -0.000000, 1.000000, -0.000000, -0.000000, 0.000000, 1.000000, 0.000000, 0.000000, -0.000000, 1.000000),
      ["RightFoot"] = CFrame.new(0.000000, 0.000296, -0.000098, 1.063567, -0.041857, 0.163814, 0.117893, 0.931503, -0.527411, -0.121195, 0.538804, 0.924533),
      ["RightHand"] = CFrame.new(-0.000019, -0.000068, -0.000012, 0.015890, 0.275028, -0.961305, -0.932204, -0.343605, -0.113714, -0.361584, 0.897940, 0.250923),
      ["RightLowerArm"] = CFrame.new(-0.000500, 0.000100, -0.000001, 1.000000, -0.000000, 0.000000, -0.000000, 0.532572, -0.846385, -0.000000, 0.846385, 0.532572),
      ["RightLowerLeg"] = CFrame.new(-0.000000, -0.000200, -0.000100, 0.928573, -0.000001, 0.000000, 0.000000, 0.548843, 0.749012, -0.000000, -0.749012, 0.548843),
      ["RightUpperArm"] = CFrame.new(-0.140014, -0.218402, -0.124197, 0.320633, -0.924490, 0.206185, 0.935343, 0.343365, 0.085049, -0.149424, 0.165584, 0.974809),
      ["RightUpperLeg"] = CFrame.new(-0.000002, -0.000000, 0.000097, 0.984873, -0.137398, -0.105575, 0.098454, 0.945116, -0.311550, 0.142587, 0.296442, 0.944347),
      ["UpperTorso"] = CFrame.new(0.010636, -0.000126, -0.000071, 0.983634, 0.075144, -0.163761, 0.018621, 0.861619, 0.507213, 0.179214, -0.501962, 0.846119),
      ["UpTorso"] = CFrame.new(-0.355798, 2.244232, -0.361908, 0.884644, 0.354249, -0.303170, -0.135882, 0.817855, 0.559150, 0.446028, -0.453453, 0.771647)
    }},
    {Time = 0.042, Data = {
      ["FK_Foot.L"] = CFrame.new(-0.000000, -0.000000, 0.000000, 1.000000, -0.000000, 0.000000, -0.000000, 0.999847, -0.017521, 0.000000, 0.017521, 0.999846),
      ["FK_Foot.R"] = CFrame.new(-0.000000, -0.000000, 0.000000, 1.000000, -0.000000, -0.000000, -0.000000, 0.999847, -0.017521, 0.000000, 0.017521, 0.999846),
      ["FK_Hand.L"] = CFrame.new(-0.000000, -0.000000, 0.000000, 1.000000, -0.000000, 0.000011, -0.000000, 0.999939, 0.011080, -0.000011, -0.011080, 0.999938),
      ["FK_Hand.R"] = CFrame.new(0.000000, -0.000001, -0.000000, 0.999968, -0.007999, -0.000011, 0.007999, 0.999907, 0.011080, -0.000077, -0.011079, 0.999939),
      ["FK_LowerArm.L"] = CFrame.new(-0.000500, 0.000000, 0.000000, 1.000000, -0.000000, 0.000000, -0.000000, 0.999772, -0.021364, -0.000000, 0.021364, 0.999772),
      ["FK_LowerArm.R"] = CFrame.new(0.999500, 0.000000, 0.000000, 1.000000, -0.000000, -0.000000, 0.000000, 0.999772, -0.021364, 0.000000, 0.021364, 0.999772),
      ["FK_LowerLeg.L"] = CFrame.new(-0.000000, 0.000000, -0.000000, 1.000000, 0.000000, -0.000000, -0.000000, 0.999632, 0.027116, 0.000000, -0.027116, 0.999632),
      ["FK_LowerLeg.R"] = CFrame.new(-0.000000, 0.000000, -0.000000, 1.000000, 0.000000, 0.000000, -0.000000, 0.999632, 0.027116, -0.000000, -0.027116, 0.999632),
      ["FK_UpperArm.L"] = CFrame.new(0.000500, 0.000000, -0.000000, 1.000000, -0.000000, -0.000000, -0.000000, 0.999917, 0.012867, 0.000001, -0.012867, 0.999917),
      ["FK_UpperArm.R"] = CFrame.new(1.999500, 0.000000, -0.000000, 1.000000, -0.000000, 0.000001, -0.000000, 0.999917, 0.012867, -0.000001, -0.012867, 0.999917),
      ["FK_UpperLeg.L"] = CFrame.new(0.000000, 0.000000, 0.000000, 1.000000, 0.000000, -0.000000, -0.000000, 0.999931, -0.011784, 0.000000, 0.011784, 0.999931),
      ["FK_UpperLeg.R"] = CFrame.new(1.000000, 0.000000, 0.000000, 1.000000, 0.000000, 0.000000, 0.000000, 0.999931, -0.011784, -0.000000, 0.011784, 0.999931),
      ["Head"] = CFrame.new(-0.069478, 0.042217, 0.017984, 0.384509, -0.538041, -0.750110, 0.254803, 0.842872, -0.473964, 0.887259, -0.008887, 0.461186),
      ["HEAD"] = CFrame.new(0.159013, 3.606833, -1.123673, 0.161422, -0.174695, -0.971300, 0.652244, 0.757498, -0.027844, 0.740622, -0.629030, 0.236221),
      ["IK_Hand.L"] = CFrame.new(-0.969917, 2.029211, -1.656846, -0.695229, 0.528023, -0.436421, 0.637557, 0.691220, -0.276532, 0.148604, -0.492884, -0.855341),
      ["IK_Hand.R"] = CFrame.new(2.076811, 2.370073, -0.810344, 0.237581, 0.868961, -0.479162, -0.661425, -0.182585, -0.802919, -0.711387, 0.459967, 0.586504),
      ["IK_LEG.L"] = CFrame.new(-1.004331, 0.315650, -1.106936, 0.883771, 0.040501, -0.466165, -0.047935, 0.998842, -0.004096, 0.465459, 0.025965, 0.884688),
      ["IK_LEG.R"] = CFrame.new(-0.175470, 0.309635, 0.038409, 0.996277, 0.081740, -0.255587, -0.045453, 0.987675, 0.150221, 0.273771, -0.133478, 0.955044),
      ["IK_SuperArm.L"] = CFrame.new(0.082123, -0.000199, 0.041690, 1.000000, -0.000000, -0.000000, -0.000000, 0.999917, 0.012867, 0.000001, -0.012867, 0.999917),
      ["IK_SuperArm.R"] = CFrame.new(1.859825, -0.218870, -0.124123, 1.000000, -0.000000, 0.000001, -0.000000, 0.999917, 0.012867, -0.000001, -0.012867, 0.999917),
      ["IK_SuperLeg.L"] = CFrame.new(0.000000, 0.000000, 0.000000, 1.000000, 0.000000, -0.000000, -0.000000, 0.999931, -0.011784, 0.000000, 0.011784, 0.999931),
      ["IK_SuperLeg.R"] = CFrame.new(1.000000, 0.000000, 0.000000, 1.000000, 0.000000, 0.000000, 0.000000, 0.999931, -0.011784, -0.000000, 0.011784, 0.999931),
      ["LeftFoot"] = CFrame.new(-0.000000, 0.000180, -0.000002, 0.927400, -0.258958, 0.327242, 0.194400, 0.973749, 0.219635, -0.369263, -0.137737, 0.937492),
      ["LeftHand"] = CFrame.new(0.000004, 0.000008, -0.000001, 0.240849, -0.391015, -0.888313, 0.668587, 0.730300, -0.140187, 0.703551, -0.560151, 0.437320),
      ["LeftLowerArm"] = CFrame.new(0.000000, -0.000001, -0.000000, 1.000000, -0.000000, 0.000000, 0.000000, 0.894503, -0.447062, 0.000000, 0.447062, 0.894503),
      ["LeftLowerLeg"] = CFrame.new(-0.000000, -0.000000, 0.000000, 0.983318, 0.000000, -0.000001, 0.000000, 0.973740, 0.136911, 0.000000, -0.136911, 0.973741),
      ["LeftUpperArm"] = CFrame.new(0.081908, -0.000030, 0.041270, 0.428666, 0.184496, -0.884424, -0.335589, 0.941404, 0.033728, 0.838824, 0.282345, 0.465463),
      ["LeftUpperLeg"] = CFrame.new(-0.000001, 0.000000, 0.000000, 0.855570, -0.041076, -0.516055, -0.180368, 0.910735, -0.371523, 0.485250, 0.410944, 0.771788),
      ["LowerTorso"] = CFrame.new(-0.433055, -0.148210, -0.368411, 0.946433, 0.167924, -0.275800, -0.163768, 0.985759, 0.038207, 0.278288, 0.009007, 0.960455),
      ["MCH_IK_Foot.L"] = CFrame.new(-1.004333, 0.315649, -1.106938, 0.883771, 0.040501, -0.466164, -0.047935, 0.998842, -0.004096, 0.465459, 0.025965, 0.884689),
      ["MCH_IK_Foot.R"] = CFrame.new(-0.175472, 0.309635, 0.038407, 0.963324, 0.081739, -0.255586, -0.043950, 0.987675, 0.150221, 0.264715, -0.133479, 0.955044),
      ["MCH_IK_Hand.L"] = CFrame.new(-0.969917, 2.029210, -1.656847, -0.728135, 0.528278, -0.436739, 0.667513, 0.691263, -0.276734, 0.155709, -0.493029, -0.855966),
      ["MCH_IK_Hand.R"] = CFrame.new(2.076810, 2.370073, -0.810344, 0.237581, 0.868961, -0.434122, -0.661425, -0.182585, -0.727447, -0.711387, 0.459967, 0.531374),
      ["MCH_IK_LIMIT_UpperArm.L"] = CFrame.new(-0.000001, 0.000001, -0.000001, 0.981115, 0.110684, -0.156700, -0.187633, 0.736700, -0.628592, 0.046990, 0.630660, 0.761786),
      ["MCH_IK_LIMIT_UpperArm.R"] = CFrame.new(-0.000000, 0.000000, 0.000001, 0.295000, -0.684901, 0.565050, 0.871601, -0.022501, -0.489562, 0.391519, 0.566149, 0.664114),
      ["MCH_IK_LIMIT_UpperLeg.L"] = CFrame.new(-0.000001, -0.000000, 0.000000, 0.999995, -0.003073, 0.000571, 0.003116, 0.929052, -0.342171, 0.000527, 0.338318, 0.939638),
      ["MCH_IK_LIMIT_UpperLeg.R"] = CFrame.new(-0.000000, 0.000000, -0.000000, 0.997310, -0.062675, -0.006310, 0.072928, 0.841046, 0.185425, -0.007358, -0.159108, 0.982638),
      ["MCH_IK_LowerArm.L"] = CFrame.new(-0.000501, 0.000001, -0.000000, 1.000000, -0.000000, 0.000000, 0.000000, 0.894503, -0.447062, -0.000000, 0.447062, 0.894503),
      ["MCH_IK_LowerArm.R"] = CFrame.new(0.999499, 0.000000, -0.000000, 1.000000, -0.000000, -0.000000, 0.000000, 0.532560, -0.846393, 0.000000, 0.846393, 0.532560),
      ["MCH_IK_LowerLeg.L"] = CFrame.new(-0.000000, -0.000000, 0.000000, 0.983318, 0.000000, -0.000001, -0.000000, 0.973740, 0.136911, 0.000000, -0.136911, 0.973740),
      ["MCH_IK_LowerLeg.R"] = CFrame.new(-0.000000, 0.000000, -0.000001, 0.928572, -0.000000, 0.000000, -0.000000, 0.548830, 0.749020, -0.000000, -0.749020, 0.548830),
      ["MCH_IK_UpperArm.L"] = CFrame.new(0.082123, -0.000199, 0.041690, 0.428666, 0.184496, -0.884424, -0.335589, 0.941404, 0.033728, 0.838824, 0.282345, 0.465463),
      ["MCH_IK_UpperArm.R"] = CFrame.new(1.859825, -0.218871, -0.124123, 0.320649, -0.924474, 0.206230, 0.935324, 0.343400, 0.085116, -0.149507, 0.165600, 0.974794),
      ["MCH_IK_UpperLeg.L"] = CFrame.new(-0.000001, 0.000000, 0.000000, 0.855570, -0.041076, -0.516055, -0.180368, 0.910735, -0.371523, 0.485250, 0.410944, 0.771788),
      ["MCH_IK_UpperLeg.R"] = CFrame.new(1.000000, 0.000000, -0.000000, 0.984869, -0.137423, -0.105587, 0.098476, 0.945117, -0.311538, 0.142604, 0.296426, 0.944349),
      ["MCH_INT_IK_LEG.L"] = CFrame.new(-1.004332, 0.315650, -1.106938, 0.883770, 0.040501, -0.466164, -0.047935, 0.998842, -0.004096, 0.465459, 0.025965, 0.884688),
      ["MCH_INT_IK_LEG.R"] = CFrame.new(-0.175472, 0.309635, 0.038408, 0.996277, 0.081740, -0.255587, -0.045453, 0.987675, 0.150221, 0.273771, -0.133479, 0.955044),
      ["MCH_LowerTorso"] = CFrame.new(-0.433055, 1.851790, -0.368411, 0.946433, 0.167924, -0.275800, -0.163768, 0.985759, 0.038207, 0.278288, 0.009007, 0.960455),
      ["MCH_SWITCH_Foot.L"] = CFrame.new(0.000000, 0.000180, -0.000001, 0.927400, -0.258958, 0.327242, 0.194400, 0.973749, 0.219635, -0.369263, -0.137737, 0.937492),
      ["MCH_SWITCH_Foot.R"] = CFrame.new(-0.000000, 0.000096, 0.000001, 1.063565, -0.041676, 0.163878, 0.117889, 0.930979, -0.528340, -0.121223, 0.539725, 0.923993),
      ["MCH_SWITCH_Hand.L"] = CFrame.new(-0.969918, 2.029210, -1.656847, -0.728135, 0.528278, -0.436739, 0.667513, 0.691263, -0.276734, 0.155709, -0.493029, -0.855966),
      ["MCH_SWITCH_Hand.R"] = CFrame.new(2.076810, 2.370073, -0.810344, 0.237581, 0.868961, -0.434122, -0.661425, -0.182585, -0.727447, -0.711387, 0.459967, 0.531374),
      ["MCH_SWITCH_LowerArm.L"] = CFrame.new(-0.000500, 0.000000, 0.000000, 1.000000, 0.000000, 0.000000, 0.000000, 0.894503, -0.447062, -0.000000, 0.447062, 0.894503),
      ["MCH_SWITCH_LowerArm.R"] = CFrame.new(0.999499, 0.000000, -0.000001, 1.000000, -0.000000, -0.000000, 0.000000, 0.532560, -0.846392, 0.000000, 0.846393, 0.532560),
      ["MCH_SWITCH_LowerLeg.L"] = CFrame.new(-0.000000, -0.000000, 0.000000, 0.983318, 0.000000, -0.000000, 0.000000, 0.973740, 0.136911, 0.000000, -0.136911, 0.973740),
      ["MCH_SWITCH_LowerLeg.R"] = CFrame.new(-0.000001, 0.000000, -0.000001, 0.928572, -0.000000, 0.000000, -0.000000, 0.548830, 0.749020, -0.000000, -0.749020, 0.548830),
      ["MCH_SWITCH_UpperArm.L"] = CFrame.new(0.082123, -0.000199, 0.041690, 0.428666, 0.184496, -0.884424, -0.335589, 0.941404, 0.033728, 0.838824, 0.282345, 0.465463),
      ["MCH_SWITCH_UpperArm.R"] = CFrame.new(1.859825, -0.218870, -0.124123, 0.320649, -0.924474, 0.206230, 0.935324, 0.343400, 0.085116, -0.149507, 0.165600, 0.974794),
      ["MCH_SWITCH_UpperLeg.L"] = CFrame.new(-0.000001, 0.000000, 0.000000, 0.855570, -0.041076, -0.516055, -0.180368, 0.910735, -0.371523, 0.485250, 0.410944, 0.771788),
      ["MCH_SWITCH_UpperLeg.R"] = CFrame.new(1.000000, 0.000000, -0.000000, 0.984868, -0.137423, -0.105586, 0.098476, 0.945117, -0.311538, 0.142604, 0.296426, 0.944349),
      ["ORG_Foot.L"] = CFrame.new(-1.004333, 0.315649, -1.106939, 0.883771, 0.040501, -0.466164, -0.047935, 0.998842, -0.004096, 0.465459, 0.025965, 0.884689),
      ["ORG_Foot.R"] = CFrame.new(-0.175472, 0.309635, 0.038407, 0.963324, 0.081739, -0.255586, -0.043950, 0.987675, 0.150221, 0.264715, -0.133479, 0.955044),
      ["ORG_Hand.L"] = CFrame.new(-0.969918, 2.029210, -1.656848, -0.728135, 0.528278, -0.436739, 0.667513, 0.691263, -0.276734, 0.155709, -0.493029, -0.855966),
      ["ORG_Hand.R"] = CFrame.new(2.076810, 2.370073, -0.810344, 0.237581, 0.868961, -0.434122, -0.661425, -0.182585, -0.727447, -0.711387, 0.459967, 0.531374),
      ["ORG_LowerArm.L"] = CFrame.new(0.000000, -0.000000, 0.000000, 1.000000, 0.000000, -0.000000, -0.000000, 1.000000, -0.000000, 0.000000, 0.000000, 1.000000),
      ["ORG_LowerArm.R"] = CFrame.new(0.000000, 0.000000, 0.000000, 1.000000, 0.000000, 0.000000, 0.000000, 1.000000, 0.000000, 0.000000, 0.000000, 1.000000),
      ["ORG_LowerLeg.L"] = CFrame.new(0.000000, -0.000000, -0.000000, 1.000000, -0.000000, 0.000000, 0.000000, 1.000000, 0.000000, 0.000000, -0.000000, 1.000000),
      ["ORG_LowerLeg.R"] = CFrame.new(0.000000, -0.000000, -0.000000, 1.000000, 0.000000, 0.000000, 0.000000, 1.000000, 0.000000, -0.000000, 0.000000, 1.000000),
      ["ORG_UpperArm.L"] = CFrame.new(-0.000500, 0.000000, 0.000000, 1.000000, 0.000000, 0.000000, -0.000000, 1.000000, -0.000000, -0.000000, -0.000000, 1.000000),
      ["ORG_UpperArm.R"] = CFrame.new(0.000500, -0.000000, -0.000000, 1.000000, 0.000000, -0.000000, -0.000000, 1.000000, -0.000000, 0.000000, -0.000000, 1.000000),
      ["ORG_UpperLeg.L"] = CFrame.new(-0.000000, -0.000000, -0.000000, 1.000000, 0.000000, 0.000000, 0.000000, 1.000000, 0.000000, -0.000000, 0.000000, 1.000000),
      ["ORG_UpperLeg.R"] = CFrame.new(0.000000, 0.000000, -0.000000, 1.000000, 0.000000, -0.000000, -0.000000, 1.000000, 0.000000, 0.000000, -0.000000, 1.000000),
      ["RightFoot"] = CFrame.new(0.000000, 0.000296, -0.000099, 1.063565, -0.041837, 0.163837, 0.117889, 0.931497, -0.527425, -0.121223, 0.538818, 0.924523),
      ["RightHand"] = CFrame.new(-0.000019, -0.000069, -0.000013, 0.015960, 0.275048, -0.961298, -0.932219, -0.343547, -0.113773, -0.361544, 0.897956, 0.250922),
      ["RightLowerArm"] = CFrame.new(-0.000501, 0.000100, -0.000001, 1.000000, -0.000000, 0.000000, 0.000000, 0.532560, -0.846392, -0.000000, 0.846393, 0.532560),
      ["RightLowerLeg"] = CFrame.new(-0.000001, -0.000200, -0.000101, 0.928572, -0.000000, 0.000000, 0.000000, 0.548830, 0.749020, -0.000000, -0.749021, 0.548830),
      ["RightUpperArm"] = CFrame.new(-0.140015, -0.218403, -0.124197, 0.320649, -0.924474, 0.206230, 0.935324, 0.343400, 0.085116, -0.149507, 0.165600, 0.974794),
      ["RightUpperLeg"] = CFrame.new(0.000000, 0.000000, 0.000100, 0.984868, -0.137423, -0.105587, 0.098476, 0.945117, -0.311538, 0.142605, 0.296426, 0.944349),
      ["UpperTorso"] = CFrame.new(0.010637, -0.000125, -0.000070, 0.983634, 0.075144, -0.163761, 0.018621, 0.861619, 0.507213, 0.179213, -0.501962, 0.846119),
      ["UpTorso"] = CFrame.new(-0.355820, 2.244225, -0.361916, 0.884644, 0.354247, -0.303175, -0.135885, 0.817864, 0.559136, 0.446028, -0.453440, 0.771655)
    }},
    {Time = 0.083, Data = {
      ["FK_Foot.L"] = CFrame.new(0.000000, -0.000000, -0.000000, 1.000000, 0.000000, 0.000000, -0.000000, 0.999846, -0.017521, 0.000000, 0.017521, 0.999846),
      ["FK_Foot.R"] = CFrame.new(-0.000000, -0.000000, -0.000000, 1.000000, -0.000000, 0.000000, 0.000000, 0.999846, -0.017521, 0.000000, 0.017521, 0.999846),
      ["FK_Hand.L"] = CFrame.new(-0.000000, -0.000001, -0.000000, 1.000000, 0.000000, 0.000011, -0.000000, 0.999938, 0.011080, -0.000011, -0.011080, 0.999939),
      ["FK_Hand.R"] = CFrame.new(0.000000, -0.000001, -0.000000, 0.999968, -0.007999, -0.000011, 0.007999, 0.999906, 0.011080, -0.000077, -0.011079, 0.999939),
      ["FK_LowerArm.L"] = CFrame.new(-0.000500, 0.000000, 0.000000, 1.000000, -0.000000, 0.000000, 0.000000, 0.999772, -0.021364, -0.000000, 0.021364, 0.999772),
      ["FK_LowerArm.R"] = CFrame.new(0.999500, 0.000000, 0.000000, 1.000000, -0.000000, -0.000000, -0.000000, 0.999772, -0.021364, 0.000000, 0.021364, 0.999772),
      ["FK_LowerLeg.L"] = CFrame.new(-0.000000, 0.000000, 0.000000, 1.000000, 0.000000, -0.000000, 0.000000, 0.999632, 0.027116, 0.000000, -0.027116, 0.999632),
      ["FK_LowerLeg.R"] = CFrame.new(0.000000, -0.000000, -0.000000, 1.000000, 0.000000, 0.000000, -0.000000, 0.999632, 0.027116, -0.000000, -0.027116, 0.999632),
      ["FK_UpperArm.L"] = CFrame.new(0.000500, -0.000000, 0.000000, 1.000000, 0.000000, -0.000001, -0.000000, 0.999917, 0.012867, 0.000001, -0.012867, 0.999917),
      ["FK_UpperArm.R"] = CFrame.new(1.999500, 0.000000, 0.000000, 1.000000, 0.000000, 0.000001, -0.000000, 0.999917, 0.012867, -0.000001, -0.012867, 0.999917),
      ["FK_UpperLeg.L"] = CFrame.new(0.000000, 0.000000, -0.000000, 1.000000, -0.000000, -0.000000, 0.000000, 0.999931, -0.011784, 0.000000, 0.011784, 0.999931),
      ["FK_UpperLeg.R"] = CFrame.new(1.000000, -0.000000, -0.000000, 1.000000, -0.000000, 0.000000, 0.000000, 0.999931, -0.011784, -0.000000, 0.011784, 0.999931),
      ["Head"] = CFrame.new(-0.069478, 0.042217, 0.017985, 0.384509, -0.538101, -0.750067, 0.254803, 0.842834, -0.474032, 0.887259, -0.008849, 0.461187),
      ["HEAD"] = CFrame.new(0.158935, 3.606854, -1.123627, 0.161407, -0.174779, -0.971288, 0.652212, 0.757522, -0.027930, 0.740654, -0.628977, 0.236262),
      ["IK_Hand.L"] = CFrame.new(-0.969917, 2.029211, -1.656846, -0.695025, 0.527373, -0.436187, 0.637694, 0.690528, -0.276116, 0.148968, -0.493149, -0.853088),
      ["IK_Hand.R"] = CFrame.new(2.076576, 2.369820, -0.810407, 0.237581, 0.868961, -0.479162, -0.661425, -0.182585, -0.802919, -0.711387, 0.459967, 0.586504),
      ["IK_LEG.L"] = CFrame.new(-1.004331, 0.315650, -1.106936, 0.883771, 0.040501, -0.466165, -0.047935, 0.998842, -0.004096, 0.465459, 0.025965, 0.884688),
      ["IK_LEG.R"] = CFrame.new(-0.175470, 0.309635, 0.038409, 0.996277, 0.081740, -0.255587, -0.045453, 0.987675, 0.150221, 0.273771, -0.133478, 0.955044),
      ["IK_SuperArm.L"] = CFrame.new(0.082123, -0.000199, 0.041690, 1.000000, 0.000000, -0.000000, -0.000000, 0.999917, 0.012867, 0.000001, -0.012867, 0.999917),
      ["IK_SuperArm.R"] = CFrame.new(1.859826, -0.218870, -0.124123, 1.000000, 0.000000, 0.000001, -0.000000, 0.999917, 0.012867, -0.000001, -0.012867, 0.999917),
      ["IK_SuperLeg.L"] = CFrame.new(-0.000000, -0.000000, -0.000000, 1.000000, -0.000000, -0.000000, 0.000000, 0.999931, -0.011784, 0.000000, 0.011784, 0.999931),
      ["IK_SuperLeg.R"] = CFrame.new(1.000000, -0.000000, -0.000000, 1.000000, -0.000000, 0.000000, 0.000000, 0.999931, -0.011784, -0.000000, 0.011784, 0.999931),
      ["LeftFoot"] = CFrame.new(0.000000, 0.000180, -0.000000, 0.927415, -0.258938, 0.327291, 0.194422, 0.973799, 0.219508, -0.369280, -0.137604, 0.937531),
      ["LeftHand"] = CFrame.new(0.000005, 0.000007, -0.000002, 0.241269, -0.391680, -0.887906, 0.668676, 0.730178, -0.140404, 0.703322, -0.559846, 0.438076),
      ["LeftLowerArm"] = CFrame.new(-0.000002, -0.000000, 0.000001, 1.000000, -0.000000, -0.000000, 0.000000, 0.894537, -0.446994, -0.000000, 0.446994, 0.894537),
      ["LeftLowerLeg"] = CFrame.new(-0.000000, 0.000000, 0.000000, 0.983295, 0.000000, -0.000001, -0.000000, 0.973676, 0.137201, 0.000000, -0.137201, 0.973676),
      ["LeftUpperArm"] = CFrame.new(0.081909, -0.000031, 0.041271, 0.428630, 0.184433, -0.884455, -0.335573, 0.941411, 0.033682, 0.838848, 0.282362, 0.465408),
      ["LeftUpperLeg"] = CFrame.new(-0.000001, -0.000000, -0.000001, 0.855552, -0.041196, -0.516075, -0.180321, 0.910698, -0.371635, 0.485298, 0.411013, 0.771721),
      ["LowerTorso"] = CFrame.new(-0.433115, -0.148233, -0.368452, 0.946433, 0.167910, -0.275808, -0.163767, 0.985761, 0.038158, 0.278288, 0.009055, 0.960455),
      ["MCH_IK_Foot.L"] = CFrame.new(-1.004333, 0.315650, -1.106938, 0.883771, 0.040501, -0.466164, -0.047935, 0.998842, -0.004096, 0.465459, 0.025965, 0.884689),
      ["MCH_IK_Foot.R"] = CFrame.new(-0.175473, 0.309635, 0.038407, 0.963324, 0.081739, -0.255586, -0.043950, 0.987675, 0.150221, 0.264715, -0.133479, 0.955044),
      ["MCH_IK_Hand.L"] = CFrame.new(-0.969918, 2.029210, -1.656846, -0.727920, 0.527991, -0.437444, 0.667659, 0.691051, -0.276912, 0.156089, -0.493633, -0.855548),
      ["MCH_IK_Hand.R"] = CFrame.new(2.076576, 2.369821, -0.810407, 0.237581, 0.868961, -0.434122, -0.661425, -0.182585, -0.727447, -0.711387, 0.459967, 0.531374),
      ["MCH_IK_LIMIT_UpperArm.L"] = CFrame.new(-0.000000, 0.000000, -0.000000, 0.981122, 0.110641, -0.156684, -0.187588, 0.736715, -0.628594, 0.047007, 0.630662, 0.761787),
      ["MCH_IK_LIMIT_UpperArm.R"] = CFrame.new(-0.000000, 0.000000, 0.000000, 0.295270, -0.684811, 0.565039, 0.871533, -0.022334, -0.489692, 0.391465, 0.566253, 0.664028),
      ["MCH_IK_LIMIT_UpperLeg.L"] = CFrame.new(-0.000001, -0.000000, -0.000000, 0.999995, -0.003109, 0.000578, 0.003153, 0.929050, -0.342118, 0.000533, 0.338258, 0.939657),
      ["MCH_IK_LIMIT_UpperLeg.R"] = CFrame.new(-0.000001, -0.000000, -0.000000, 0.997307, -0.062712, -0.006316, 0.072972, 0.841020, 0.185492, -0.007365, -0.159164, 0.982625),
      ["MCH_IK_LowerArm.L"] = CFrame.new(-0.000500, -0.000000, 0.000000, 1.000000, -0.000000, -0.000000, 0.000000, 0.894537, -0.446994, -0.000000, 0.446994, 0.894537),
      ["MCH_IK_LowerArm.R"] = CFrame.new(0.999500, -0.000000, 0.000000, 1.000000, -0.000000, -0.000000, 0.000000, 0.532528, -0.846412, 0.000000, 0.846413, 0.532528),
      ["MCH_IK_LowerLeg.L"] = CFrame.new(-0.000000, -0.000000, 0.000000, 0.983295, 0.000000, -0.000001, -0.000000, 0.973676, 0.137201, 0.000000, -0.137201, 0.973675),
      ["MCH_IK_LowerLeg.R"] = CFrame.new(-0.000000, -0.000000, -0.000000, 0.928567, -0.000000, 0.000000, -0.000000, 0.548790, 0.749043, -0.000000, -0.749043, 0.548790),
      ["MCH_IK_UpperArm.L"] = CFrame.new(0.082123, -0.000199, 0.041690, 0.428630, 0.184433, -0.884455, -0.335573, 0.941411, 0.033683, 0.838848, 0.282362, 0.465408),
      ["MCH_IK_UpperArm.R"] = CFrame.new(1.859825, -0.218870, -0.124123, 0.320698, -0.924427, 0.206366, 0.935268, 0.343504, 0.085313, -0.149754, 0.165648, 0.974748),
      ["MCH_IK_UpperLeg.L"] = CFrame.new(-0.000001, -0.000000, -0.000000, 0.855552, -0.041196, -0.516075, -0.180322, 0.910698, -0.371635, 0.485298, 0.411013, 0.771721),
      ["MCH_IK_UpperLeg.R"] = CFrame.new(0.999999, -0.000000, -0.000000, 0.984854, -0.137498, -0.105629, 0.098540, 0.945121, -0.311506, 0.142663, 0.296379, 0.944355),
      ["MCH_INT_IK_LEG.L"] = CFrame.new(-1.004332, 0.315650, -1.106938, 0.883770, 0.040501, -0.466164, -0.047935, 0.998842, -0.004096, 0.465459, 0.025965, 0.884688),
      ["MCH_INT_IK_LEG.R"] = CFrame.new(-0.175472, 0.309635, 0.038408, 0.996277, 0.081740, -0.255587, -0.045453, 0.987675, 0.150221, 0.273771, -0.133479, 0.955044),
      ["MCH_LowerTorso"] = CFrame.new(-0.433115, 1.851767, -0.368452, 0.946433, 0.167910, -0.275808, -0.163767, 0.985761, 0.038158, 0.278288, 0.009055, 0.960455),
      ["MCH_SWITCH_Foot.L"] = CFrame.new(-0.000000, 0.000180, -0.000000, 0.927415, -0.258938, 0.327291, 0.194422, 0.973799, 0.219507, -0.369280, -0.137604, 0.937531),
      ["MCH_SWITCH_Foot.R"] = CFrame.new(-0.000001, 0.000097, -0.000000, 1.063561, -0.041622, 0.163955, 0.117885, 0.930964, -0.528379, -0.121311, 0.539768, 0.923964),
      ["MCH_SWITCH_Hand.L"] = CFrame.new(-0.969918, 2.029210, -1.656846, -0.727920, 0.527991, -0.437444, 0.667659, 0.691051, -0.276912, 0.156089, -0.493633, -0.855548),
      ["MCH_SWITCH_Hand.R"] = CFrame.new(2.076576, 2.369820, -0.810407, 0.237581, 0.868961, -0.434122, -0.661425, -0.182585, -0.727447, -0.711387, 0.459967, 0.531374),
      ["MCH_SWITCH_LowerArm.L"] = CFrame.new(-0.000501, 0.000000, 0.000001, 1.000000, -0.000000, 0.000000, 0.000000, 0.894537, -0.446994, -0.000000, 0.446994, 0.894537),
      ["MCH_SWITCH_LowerArm.R"] = CFrame.new(0.999500, -0.000000, -0.000001, 1.000000, -0.000000, -0.000000, 0.000000, 0.532528, -0.846412, -0.000000, 0.846413, 0.532528),
      ["MCH_SWITCH_LowerLeg.L"] = CFrame.new(-0.000001, -0.000000, 0.000000, 0.983295, 0.000000, -0.000001, -0.000000, 0.973676, 0.137201, 0.000000, -0.137201, 0.973676),
      ["MCH_SWITCH_LowerLeg.R"] = CFrame.new(-0.000000, -0.000000, -0.000000, 0.928567, -0.000000, 0.000000, -0.000000, 0.548790, 0.749043, -0.000000, -0.749043, 0.548790),
      ["MCH_SWITCH_UpperArm.L"] = CFrame.new(0.082123, -0.000199, 0.041690, 0.428630, 0.184433, -0.884455, -0.335573, 0.941411, 0.033682, 0.838848, 0.282362, 0.465408),
      ["MCH_SWITCH_UpperArm.R"] = CFrame.new(1.859825, -0.218870, -0.124123, 0.320698, -0.924427, 0.206366, 0.935268, 0.343504, 0.085313, -0.149753, 0.165648, 0.974748),
      ["MCH_SWITCH_UpperLeg.L"] = CFrame.new(-0.000001, -0.000000, -0.000000, 0.855552, -0.041196, -0.516075, -0.180322, 0.910698, -0.371635, 0.485298, 0.411013, 0.771721),
      ["MCH_SWITCH_UpperLeg.R"] = CFrame.new(0.999999, -0.000000, -0.000000, 0.984854, -0.137498, -0.105629, 0.098540, 0.945121, -0.311506, 0.142663, 0.296379, 0.944355),
      ["ORG_Foot.L"] = CFrame.new(-1.004334, 0.315650, -1.106938, 0.883771, 0.040501, -0.466164, -0.047935, 0.998842, -0.004096, 0.465459, 0.025965, 0.884689),
      ["ORG_Foot.R"] = CFrame.new(-0.175474, 0.309635, 0.038406, 0.963324, 0.081739, -0.255586, -0.043950, 0.987675, 0.150221, 0.264715, -0.133479, 0.955044),
      ["ORG_Hand.L"] = CFrame.new(-0.969918, 2.029210, -1.656846, -0.727920, 0.527991, -0.437444, 0.667659, 0.691051, -0.276912, 0.156089, -0.493633, -0.855548),
      ["ORG_Hand.R"] = CFrame.new(2.076575, 2.369820, -0.810408, 0.237581, 0.868961, -0.434122, -0.661425, -0.182585, -0.727447, -0.711387, 0.459967, 0.531374),
      ["ORG_LowerArm.L"] = CFrame.new(-0.000000, -0.000000, -0.000000, 1.000000, 0.000000, 0.000000, -0.000000, 1.000000, 0.000000, 0.000000, -0.000000, 1.000000),
      ["ORG_LowerArm.R"] = CFrame.new(-0.000000, 0.000000, -0.000000, 1.000000, 0.000000, -0.000000, -0.000000, 1.000000, 0.000000, -0.000000, 0.000000, 1.000000),
      ["ORG_LowerLeg.L"] = CFrame.new(-0.000000, 0.000000, 0.000000, 1.000000, -0.000000, -0.000000, 0.000000, 1.000000, 0.000000, -0.000000, -0.000000, 1.000000),
      ["ORG_LowerLeg.R"] = CFrame.new(0.000000, 0.000000, 0.000000, 1.000000, -0.000000, 0.000000, 0.000000, 1.000000, 0.000000, -0.000000, -0.000000, 1.000000),
      ["ORG_UpperArm.L"] = CFrame.new(-0.000500, 0.000000, 0.000000, 1.000000, -0.000000, 0.000000, -0.000000, 1.000000, -0.000000, -0.000000, 0.000000, 1.000000),
      ["ORG_UpperArm.R"] = CFrame.new(0.000500, 0.000000, -0.000000, 1.000000, -0.000000, -0.000000, -0.000000, 1.000000, -0.000000, 0.000000, 0.000000, 1.000000),
      ["ORG_UpperLeg.L"] = CFrame.new(-0.000000, -0.000000, -0.000000, 1.000000, -0.000000, 0.000000, -0.000000, 1.000000, -0.000000, -0.000000, -0.000000, 1.000000),
      ["ORG_UpperLeg.R"] = CFrame.new(0.000000, -0.000000, 0.000000, 1.000000, -0.000000, -0.000000, 0.000000, 1.000000, 0.000000, 0.000000, -0.000000, 1.000000),
      ["RightFoot"] = CFrame.new(-0.000001, 0.000297, -0.000100, 1.063561, -0.041782, 0.163914, 0.117885, 0.931482, -0.527465, -0.121311, 0.538860, 0.924493),
      ["RightHand"] = CFrame.new(-0.000020, -0.000068, -0.000015, 0.016165, 0.275110, -0.961277, -0.932260, -0.343376, -0.113949, -0.361428, 0.898002, 0.250923),
      ["RightLowerArm"] = CFrame.new(-0.000500, 0.000099, -0.000000, 1.000000, -0.000000, 0.000000, 0.000000, 0.532528, -0.846412, -0.000000, 0.846413, 0.532528),
      ["RightLowerLeg"] = CFrame.new(-0.000000, -0.000200, -0.000101, 0.928567, -0.000000, 0.000000, 0.000000, 0.548790, 0.749043, -0.000000, -0.749043, 0.548790),
      ["RightUpperArm"] = CFrame.new(-0.140014, -0.218403, -0.124198, 0.320698, -0.924427, 0.206366, 0.935268, 0.343504, 0.085313, -0.149753, 0.165648, 0.974748),
      ["RightUpperLeg"] = CFrame.new(-0.000001, -0.000000, 0.000100, 0.984854, -0.137498, -0.105629, 0.098540, 0.945121, -0.311506, 0.142663, 0.296380, 0.944355),
      ["UpperTorso"] = CFrame.new(0.010636, -0.000125, -0.000071, 0.983634, 0.075144, -0.163761, 0.018621, 0.861619, 0.507213, 0.179214, -0.501962, 0.846119),
      ["UpTorso"] = CFrame.new(-0.355885, 2.244203, -0.361939, 0.884642, 0.354239, -0.303189, -0.135893, 0.817890, 0.559096, 0.446029, -0.453398, 0.771679)
    }},
    {Time = 0.125, Data = {
      ["FK_Foot.L"] = CFrame.new(-0.000000, -0.000000, 0.000000, 1.000000, 0.000000, 0.000000, -0.000000, 0.999847, -0.017521, 0.000000, 0.017521, 0.999846),
      ["FK_Foot.R"] = CFrame.new(-0.000000, -0.000000, -0.000000, 1.000000, 0.000000, -0.000000, 0.000000, 0.999847, -0.017521, 0.000000, 0.017521, 0.999847),
      ["FK_Hand.L"] = CFrame.new(-0.000000, -0.000001, 0.000000, 1.000000, -0.000000, 0.000011, -0.000000, 0.999938, 0.011080, -0.000011, -0.011080, 0.999938),
