return {
  ["Bio You cant get in the club idle "] = {
    {Time = 0.000, Data = {
      ["Head"] = CFrame.new(-0.000000, -0.000000, -0.000000, 0.999065, 0.028931, 0.032129, -0.033901, 0.985398, 0.166859, -0.026833, -0.167793, 0.985457),
      ["Head.001"] = CFrame.new(0.000000, -0.000000, -0.000000, -0.999065, 0.032129, 0.028931, 0.033901, 0.166859, 0.985398, 0.026833, 0.985457, -0.167793),
      ["Left Arm"] = CFrame.new(0.328494, -0.501075, 0.114917, -0.112231, 0.456222, -0.882760, -0.804129, 0.480206, 0.350409, 0.583773, 0.749175, 0.312966),
      ["Left Arm.001"] = CFrame.new(0.000000, 0.000100, -0.000500, 1.000000, -0.000000, 0.000000, 0.000000, 1.000000, 0.000000, 0.000000, 0.000000, 1.000000),
      ["Left Leg"] = CFrame.new(0.108106, 0.189125, -0.009607, 0.972827, -0.171388, 0.155891, 0.130652, 0.961499, 0.241754, -0.191326, -0.214808, 0.957733),
      ["Left Leg.001"] = CFrame.new(-0.000000, -0.000200, 0.000000, 1.000000, -0.000000, 0.000000, 0.000000, 1.000000, -0.000000, -0.000000, -0.000000, 1.000000),
      ["LeftFoot"] = CFrame.new(-0.000000, -0.007074, -0.000003, 0.943483, -0.223041, -0.245138, 0.221582, 0.974554, -0.033891, 0.246454, -0.022332, 0.968862),
      ["LeftHand"] = CFrame.new(0.000502, -0.003694, -0.000000, 0.902405, -0.372454, 0.216663, 0.326779, 0.919307, 0.219293, -0.280854, -0.127088, 0.951294),
      ["LeftLowerArm"] = CFrame.new(-0.000500, 0.033843, 0.007112, 1.000000, -0.000000, -0.000000, -0.000000, 0.928511, -0.371309, 0.000000, 0.371306, 0.928515),
      ["LeftLowerLeg"] = CFrame.new(0.000000, -0.006650, 0.000013, 1.000000, 0.000000, 0.000000, -0.000000, 0.999999, -0.000008, 0.000000, -0.000011, 1.000038),
      ["LeftUpperArm"] = CFrame.new(-0.092938, -0.466504, 0.438821, 0.312966, -0.478860, -0.820210, -0.350409, 0.744452, -0.568334, 0.882760, 0.465279, 0.065192),
      ["LeftUpperLeg"] = CFrame.new(0.000000, -0.000000, -0.000100, 0.951932, 0.186344, 0.243107, -0.194653, 0.980816, 0.010399, -0.236507, -0.057213, 0.969940),
      ["LowerTorso"] = CFrame.new(-0.009741, -0.036867, 0.072665, 0.998824, 0.020787, -0.043806, -0.021145, 0.999747, -0.007723, 0.043634, 0.008641, 0.999010),
      ["Right Arm"] = CFrame.new(-0.146616, -0.471326, 0.440665, -0.543089, -0.228418, 0.808012, 0.582281, 0.590882, 0.558401, -0.604990, 0.773746, -0.187897),
      ["Right Arm.001"] = CFrame.new(-0.000000, 0.000000, 0.000000, 1.000000, -0.000000, 0.000000, -0.000000, 1.000000, -0.000000, -0.000000, 0.000000, 1.000000),
      ["Right Leg"] = CFrame.new(-0.179787, 0.184633, -0.038104, 0.970501, 0.150519, -0.188523, -0.097994, 0.960064, 0.262048, 0.220442, -0.235832, 0.946462),
      ["Right Leg.001"] = CFrame.new(0.000000, 0.000000, 0.000000, 1.000000, -0.000000, 0.000000, -0.000000, 1.000000, -0.000000, 0.000000, -0.000000, 1.000000),
      ["RightFoot"] = CFrame.new(0.000000, -0.002122, -0.000103, 0.931941, 0.248775, 0.263814, -0.254923, 0.966898, -0.011250, -0.257874, -0.056755, 0.964474),
      ["RightHand"] = CFrame.new(-0.000501, -0.001476, 0.000000, -0.892330, 0.008281, -0.451308, 0.105955, 0.975739, -0.191590, -0.438770, 0.218781, 0.871554),
      ["RightLowerArm"] = CFrame.new(0.000000, 0.049011, 0.013489, 1.000000, 0.000000, 0.000000, -0.000000, 0.864741, -0.502222, -0.000000, 0.502218, 0.864745),
      ["RightLowerLeg"] = CFrame.new(-0.000000, -0.002114, -0.000024, 1.000000, 0.000000, 0.000000, -0.000000, 0.999999, -0.000008, -0.000000, -0.000011, 1.000038),
      ["RightUpperArm"] = CFrame.new(0.316374, -0.460698, 0.364618, -0.187897, 0.365255, 0.911747, 0.558401, 0.803390, -0.206767, -0.808012, 0.470270, -0.354913),
      ["RightUpperLeg"] = CFrame.new(0.000000, -0.000000, -0.000000, 0.950349, -0.262307, -0.167427, 0.260598, 0.964900, -0.032492, 0.170074, -0.012745, 0.985346),
      ["Torso"] = CFrame.new(0.003313, 0.143521, -0.103009, 0.999940, -0.010063, 0.004215, 0.009394, 0.990597, 0.136488, -0.005549, -0.136440, 0.990633),
      ["UpperTorso"] = CFrame.new(0.001286, -0.060517, -0.014041, 0.998237, -0.019202, 0.056160, 0.026252, 0.991473, -0.127637, -0.053231, 0.128886, 0.990230)
    }},
    {Time = 0.034, Data = {
      ["Head"] = CFrame.new(0.000000, -0.000000, -0.000000, 0.999065, 0.028931, 0.032130, -0.033904, 0.985386, 0.166930, -0.026830, -0.167863, 0.985445),
      ["Head.001"] = CFrame.new(0.000000, -0.000000, -0.000000, -0.999065, 0.032130, 0.028931, 0.033904, 0.166929, 0.985386, 0.026831, 0.985445, -0.167863),
      ["Left Arm"] = CFrame.new(0.328488, -0.501025, 0.114841, -0.112194, 0.456230, -0.882761, -0.804092, 0.480269, 0.350407, 0.583830, 0.749130, 0.312966),
      ["Left Arm.001"] = CFrame.new(0.000000, 0.000100, -0.000500, 1.000000, -0.000000, 0.000000, -0.000000, 1.000000, -0.000000, 0.000000, 0.000000, 1.000000),
      ["Left Leg"] = CFrame.new(0.108102, 0.189106, -0.009601, 0.972831, -0.171376, 0.155881, 0.130646, 0.961505, 0.241736, -0.191312, -0.214792, 0.957740),
      ["Left Leg.001"] = CFrame.new(0.000000, -0.000200, 0.000000, 1.000000, 0.000000, 0.000000, 0.000000, 1.000000, -0.000000, -0.000000, -0.000000, 1.000000),
      ["LeftFoot"] = CFrame.new(-0.000000, -0.007084, -0.000003, 0.943490, -0.223024, -0.245126, 0.221567, 0.974558, -0.033878, 0.246439, -0.022337, 0.968865),
      ["LeftHand"] = CFrame.new(0.000502, -0.003697, 0.000000, 0.902406, -0.372453, 0.216662, 0.326800, 0.919318, 0.219218, -0.280827, -0.127017, 0.951311),
      ["LeftLowerArm"] = CFrame.new(-0.000500, 0.033827, 0.007106, 1.000000, -0.000000, -0.000000, 0.000000, 0.928567, -0.371168, 0.000000, 0.371165, 0.928572),
      ["LeftLowerLeg"] = CFrame.new(-0.000000, -0.006659, 0.000013, 1.000000, 0.000000, 0.000000, 0.000000, 0.999999, -0.000008, -0.000000, -0.000011, 1.000038),
      ["LeftUpperArm"] = CFrame.new(-0.092938, -0.466503, 0.438822, 0.312966, -0.478921, -0.820175, -0.350407, 0.744411, -0.568389, 0.882761, 0.465282, 0.065158),
      ["LeftUpperLeg"] = CFrame.new(0.000000, -0.000000, -0.000100, 0.951939, 0.186330, 0.243092, -0.194636, 0.980820, 0.010393, -0.236495, -0.057201, 0.969944),
      ["LowerTorso"] = CFrame.new(-0.009763, -0.036840, 0.072686, 0.998824, 0.020787, -0.043806, -0.021145, 0.999747, -0.007723, 0.043634, 0.008641, 0.999010),
      ["Right Arm"] = CFrame.new(-0.146633, -0.471315, 0.440649, -0.543069, -0.228443, 0.808018, 0.582258, 0.590913, 0.558393, -0.605030, 0.773716, -0.187893),
      ["Right Arm.001"] = CFrame.new(0.000000, -0.000000, 0.000000, 1.000000, 0.000000, -0.000000, 0.000000, 1.000000, 0.000000, 0.000000, 0.000000, 1.000000),
      ["Right Leg"] = CFrame.new(-0.179791, 0.184622, -0.038102, 0.970502, 0.150507, -0.188526, -0.097980, 0.960064, 0.262054, 0.220442, -0.235841, 0.946460),
      ["Right Leg.001"] = CFrame.new(0.000000, -0.000000, 0.000000, 1.000000, 0.000000, 0.000000, -0.000000, 1.000000, -0.000000, 0.000000, 0.000000, 1.000000),
      ["RightFoot"] = CFrame.new(0.000000, -0.002136, -0.000103, 0.931938, 0.248781, 0.263818, -0.254932, 0.966895, -0.011238, -0.257875, -0.056770, 0.964473),
      ["RightHand"] = CFrame.new(-0.000501, -0.001476, -0.000000, -0.892335, 0.008281, -0.451298, 0.105974, 0.975728, -0.191634, -0.438755, 0.218829, 0.871550),
      ["RightLowerArm"] = CFrame.new(0.000000, 0.049007, 0.013487, 1.000000, 0.000000, 0.000000, 0.000000, 0.864764, -0.502182, -0.000000, 0.502179, 0.864768),
      ["RightLowerLeg"] = CFrame.new(0.000000, -0.002128, -0.000025, 1.000000, 0.000000, 0.000000, -0.000000, 0.999999, -0.000008, -0.000000, -0.000011, 1.000038),
      ["RightUpperArm"] = CFrame.new(0.316372, -0.460694, 0.364621, -0.187893, 0.365250, 0.911750, 0.558393, 0.803395, -0.206769, -0.808018, 0.470265, -0.354904),
      ["RightUpperLeg"] = CFrame.new(0.000000, -0.000000, -0.000000, 0.950347, -0.262314, -0.167427, 0.260603, 0.964898, -0.032506, 0.170078, -0.012733, 0.985345),
      ["Torso"] = CFrame.new(0.003336, 0.143542, -0.102983, 0.999940, -0.010063, 0.004215, 0.009394, 0.990597, 0.136488, -0.005549, -0.136440, 0.990633),
      ["UpperTorso"] = CFrame.new(0.001286, -0.060517, -0.014041, 0.998237, -0.019202, 0.056160, 0.026252, 0.991473, -0.127637, -0.053231, 0.128886, 0.990230)
    }},
    {Time = 0.069, Data = {
      ["Head"] = CFrame.new(0.000000, 0.000000, -0.000000, 0.999065, 0.028933, 0.032130, -0.033908, 0.985366, 0.167044, -0.026827, -0.167977, 0.985426),
      ["Head.001"] = CFrame.new(0.000000, -0.000000, -0.000000, -0.999065, 0.032130, 0.028932, 0.033908, 0.167044, 0.985366, 0.026827, 0.985426, -0.167977),
      ["Left Arm"] = CFrame.new(0.328477, -0.500943, 0.114717, -0.112134, 0.456242, -0.882763, -0.804032, 0.480372, 0.350404, 0.583925, 0.749057, 0.312965),
      ["Left Arm.001"] = CFrame.new(-0.000000, 0.000100, -0.000500, 1.000000, -0.000000, -0.000000, 0.000000, 1.000000, -0.000000, 0.000000, 0.000000, 1.000000),
      ["Left Leg"] = CFrame.new(0.108097, 0.189075, -0.009593, 0.972837, -0.171358, 0.155864, 0.130638, 0.961513, 0.241705, -0.191288, -0.214767, 0.957750),
      ["Left Leg.001"] = CFrame.new(-0.000000, -0.000200, 0.000000, 1.000000, 0.000000, -0.000000, -0.000000, 1.000000, -0.000000, -0.000000, -0.000000, 1.000000),
      ["LeftFoot"] = CFrame.new(0.000000, -0.007100, -0.000003, 0.943502, -0.222997, -0.245106, 0.221544, 0.974564, -0.033856, 0.246415, -0.022347, 0.968871),
      ["LeftHand"] = CFrame.new(0.000502, -0.003700, -0.000000, 0.902408, -0.372450, 0.216660, 0.326833, 0.919335, 0.219097, -0.280784, -0.126901, 0.951340),
      ["LeftLowerArm"] = CFrame.new(-0.000500, 0.033801, 0.007097, 1.000000, -0.000000, -0.000000, 0.000000, 0.928659, -0.370938, 0.000000, 0.370935, 0.928664),
      ["LeftLowerLeg"] = CFrame.new(-0.000000, -0.006676, 0.000012, 1.000000, -0.000000, 0.000000, 0.000000, 0.999999, -0.000008, 0.000000, -0.000011, 1.000038),
      ["LeftUpperArm"] = CFrame.new(-0.092938, -0.466502, 0.438823, 0.312965, -0.479021, -0.820116, -0.350404, 0.744343, -0.568480, 0.882763, 0.465287, 0.065103),
      ["LeftUpperLeg"] = CFrame.new(0.000000, -0.000001, -0.000100, 0.951949, 0.186306, 0.243069, -0.194607, 0.980826, 0.010383, -0.236475, -0.057180, 0.969950),
      ["LowerTorso"] = CFrame.new(-0.009799, -0.036797, 0.072720, 0.998824, 0.020787, -0.043806, -0.021145, 0.999747, -0.007723, 0.043634, 0.008641, 0.999010),
      ["Right Arm"] = CFrame.new(-0.146660, -0.471295, 0.440621, -0.543037, -0.228483, 0.808028, 0.582220, 0.590962, 0.558381, -0.605095, 0.773667, -0.187886),
      ["Right Arm.001"] = CFrame.new(0.000000, 0.000000, -0.000000, 1.000000, 0.000000, 0.000000, 0.000000, 1.000000, -0.000000, -0.000000, -0.000000, 1.000000),
      ["Right Leg"] = CFrame.new(-0.179796, 0.184604, -0.038098, 0.970504, 0.150487, -0.188531, -0.097957, 0.960064, 0.262064, 0.220444, -0.235855, 0.946456),
      ["Right Leg.001"] = CFrame.new(0.000000, 0.000000, -0.000000, 1.000000, 0.000000, -0.000000, 0.000000, 1.000000, -0.000000, -0.000000, -0.000000, 1.000000),
      ["RightFoot"] = CFrame.new(0.000000, -0.002159, -0.000103, 0.931934, 0.248790, 0.263824, -0.254946, 0.966892, -0.011220, -0.257875, -0.056793, 0.964472),
      ["RightHand"] = CFrame.new(-0.000501, -0.001477, -0.000000, -0.892343, 0.008281, -0.451282, 0.106006, 0.975710, -0.191706, -0.438731, 0.218907, 0.871542),
      ["RightLowerArm"] = CFrame.new(0.000000, 0.049000, 0.013483, 1.000000, 0.000000, 0.000000, -0.000000, 0.864802, -0.502118, -0.000000, 0.502114, 0.864805),
      ["RightLowerLeg"] = CFrame.new(-0.000000, -0.002152, -0.000025, 1.000000, -0.000000, 0.000000, 0.000000, 0.999999, -0.000008, 0.000000, -0.000011, 1.000038),
      ["RightUpperArm"] = CFrame.new(0.316368, -0.460688, 0.364626, -0.187885, 0.365242, 0.911754, 0.558381, 0.803403, -0.206771, -0.808028, 0.470257, -0.354891),
      ["RightUpperLeg"] = CFrame.new(0.000000, -0.000001, -0.000000, 0.950343, -0.262327, -0.167428, 0.260613, 0.964894, -0.032529, 0.170085, -0.012713, 0.985344),
      ["Torso"] = CFrame.new(0.003372, 0.143576, -0.102939, 0.999940, -0.010063, 0.004215, 0.009394, 0.990597, 0.136488, -0.005549, -0.136440, 0.990633),
      ["UpperTorso"] = CFrame.new(0.001286, -0.060517, -0.014041, 0.998237, -0.019202, 0.056160, 0.026252, 0.991473, -0.127637, -0.053231, 0.128886, 0.990230)
    }},
    {Time = 0.103, Data = {
      ["Head"] = CFrame.new(0.000000, 0.000000, -0.000000, 0.999065, 0.028934, 0.032131, -0.033914, 0.985339, 0.167202, -0.026822, -0.168135, 0.985399),
      ["Head.001"] = CFrame.new(0.000000, -0.000000, -0.000000, -0.999065, 0.032131, 0.028934, 0.033914, 0.167202, 0.985339, 0.026822, 0.985399, -0.168135),
      ["Left Arm"] = CFrame.new(0.328463, -0.500831, 0.114547, -0.112051, 0.456258, -0.882765, -0.803948, 0.480514, 0.350400, 0.584055, 0.748956, 0.312964),
      ["Left Arm.001"] = CFrame.new(0.000000, 0.000100, -0.000500, 1.000000, -0.000000, 0.000000, -0.000000, 1.000000, -0.000000, -0.000000, 0.000000, 1.000000),
      ["Left Leg"] = CFrame.new(0.108089, 0.189032, -0.009581, 0.972845, -0.171332, 0.155842, 0.130626, 0.961526, 0.241663, -0.191255, -0.214733, 0.957764),
      ["Left Leg.001"] = CFrame.new(-0.000000, -0.000200, 0.000000, 1.000000, 0.000000, -0.000000, -0.000000, 1.000000, 0.000000, -0.000000, 0.000000, 1.000000),
      ["LeftFoot"] = CFrame.new(0.000000, -0.007124, -0.000003, 0.943518, -0.222959, -0.245078, 0.221511, 0.974573, -0.033827, 0.246382, -0.022360, 0.968879),
      ["LeftHand"] = CFrame.new(0.000502, -0.003705, 0.000000, 0.902410, -0.372446, 0.216658, 0.326879, 0.919358, 0.218929, -0.280724, -0.126741, 0.951379),
      ["LeftLowerArm"] = CFrame.new(-0.000500, 0.033765, 0.007084, 1.000000, -0.000000, -0.000000, 0.000000, 0.928786, -0.370620, 0.000000, 0.370617, 0.928791),
      ["LeftLowerLeg"] = CFrame.new(-0.000000, -0.006698, 0.000012, 1.000000, 0.000000, 0.000000, -0.000000, 0.999999, -0.000008, 0.000000, -0.000011, 1.000038),
      ["LeftUpperArm"] = CFrame.new(-0.092939, -0.466500, 0.438824, 0.312965, -0.479159, -0.820036, -0.350400, 0.744250, -0.568604, 0.882765, 0.465294, 0.065027),
      ["LeftUpperLeg"] = CFrame.new(-0.000000, -0.000000, -0.000100, 0.951964, 0.186272, 0.243037, -0.194568, 0.980834, 0.010369, -0.236449, -0.057151, 0.969958),
      ["LowerTorso"] = CFrame.new(-0.009850, -0.036736, 0.072767, 0.998824, 0.020787, -0.043806, -0.021145, 0.999747, -0.007723, 0.043634, 0.008641, 0.999010),
      ["Right Arm"] = CFrame.new(-0.146699, -0.471270, 0.440583, -0.542992, -0.228539, 0.808043, 0.582167, 0.591030, 0.558363, -0.605186, 0.773598, -0.187876),
      ["Right Arm.001"] = CFrame.new(-0.000000, 0.000000, 0.000000, 1.000000, -0.000000, 0.000000, -0.000000, 1.000000, -0.000000, -0.000000, 0.000000, 1.000000),
      ["Right Leg"] = CFrame.new(-0.179804, 0.184580, -0.038093, 0.970507, 0.150460, -0.188538, -0.097925, 0.960064, 0.262077, 0.220445, -0.235874, 0.946451),
      ["Right Leg.001"] = CFrame.new(0.000000, -0.000000, -0.000000, 1.000000, 0.000000, 0.000000, 0.000000, 1.000000, -0.000000, 0.000000, -0.000000, 1.000000),
      ["RightFoot"] = CFrame.new(-0.000000, -0.002192, -0.000103, 0.931928, 0.248802, 0.263833, -0.254966, 0.966887, -0.011193, -0.257876, -0.056825, 0.964470),
      ["RightHand"] = CFrame.new(-0.000501, -0.001478, -0.000000, -0.892354, 0.008281, -0.451260, 0.106049, 0.975686, -0.191806, -0.438698, 0.219016, 0.871532),
      ["RightLowerArm"] = CFrame.new(-0.000000, 0.048990, 0.013478, 1.000000, 0.000000, 0.000000, -0.000000, 0.864854, -0.502028, -0.000000, 0.502025, 0.864857),
      ["RightLowerLeg"] = CFrame.new(0.000000, -0.002184, -0.000025, 1.000000, 0.000000, -0.000000, 0.000000, 0.999999, -0.000008, -0.000000, -0.000011, 1.000038),
      ["RightUpperArm"] = CFrame.new(0.316363, -0.460679, 0.364633, -0.187875, 0.365232, 0.911761, 0.558363, 0.803414, -0.206775, -0.808043, 0.470246, -0.354873),
      ["RightUpperLeg"] = CFrame.new(0.000000, -0.000000, -0.000000, 0.950338, -0.262345, -0.167429, 0.260625, 0.964890, -0.032561, 0.170094, -0.012685, 0.985343),
      ["Torso"] = CFrame.new(0.003423, 0.143623, -0.102878, 0.999940, -0.010063, 0.004215, 0.009394, 0.990597, 0.136488, -0.005549, -0.136440, 0.990633),
      ["UpperTorso"] = CFrame.new(0.001286, -0.060517, -0.014041, 0.998237, -0.019202, 0.056160, 0.026252, 0.991473, -0.127637, -0.053231, 0.128886, 0.990230)
    }},
    {Time = 0.138, Data = {
      ["Head"] = CFrame.new(-0.000000, -0.000000, -0.000000, 0.999065, 0.028936, 0.032132, -0.033921, 0.985305, 0.167401, -0.026816, -0.168335, 0.985365),
      ["Head.001"] = CFrame.new(0.000000, -0.000000, -0.000000, -0.999065, 0.032132, 0.028936, 0.033921, 0.167401, 0.985305, 0.026816, 0.985365, -0.168335),
      ["Left Arm"] = CFrame.new(0.328445, -0.500689, 0.114331, -0.111947, 0.456279, -0.882767, -0.803843, 0.480694, 0.350394, 0.584220, 0.748828, 0.312963),
      ["Left Arm.001"] = CFrame.new(0.000000, 0.000100, -0.000500, 1.000000, -0.000000, 0.000000, -0.000000, 1.000000, 0.000000, 0.000000, -0.000000, 1.000000),
      ["Left Leg"] = CFrame.new(0.108079, 0.188978, -0.009566, 0.972855, -0.171299, 0.155814, 0.130610, 0.961541, 0.241609, -0.191213, -0.214690, 0.957782),
      ["Left Leg.001"] = CFrame.new(-0.000000, -0.000200, 0.000000, 1.000000, 0.000000, -0.000000, -0.000000, 1.000000, 0.000000, 0.000000, 0.000000, 1.000000),
      ["LeftFoot"] = CFrame.new(-0.000000, -0.007152, -0.000003, 0.943539, -0.222910, -0.245043, 0.221470, 0.974583, -0.033790, 0.246341, -0.022376, 0.968889),
      ["LeftHand"] = CFrame.new(0.000502, -0.003710, 0.000000, 0.902412, -0.372442, 0.216655, 0.326937, 0.919388, 0.218717, -0.280648, -0.126539, 0.951428),
      ["LeftLowerArm"] = CFrame.new(-0.000500, 0.033719, 0.007068, 1.000000, -0.000000, -0.000000, 0.000000, 0.928946, -0.370219, 0.000000, 0.370216, 0.928950),
      ["LeftLowerLeg"] = CFrame.new(-0.000000, -0.006727, 0.000012, 1.000000, 0.000000, 0.000000, 0.000000, 0.999999, -0.000008, 0.000000, -0.000011, 1.000038),
      ["LeftUpperArm"] = CFrame.new(-0.092939, -0.466497, 0.438825, 0.312964, -0.479334, -0.819934, -0.350394, 0.744132, -0.568762, 0.882767, 0.465303, 0.064931),
      ["LeftUpperLeg"] = CFrame.new(-0.000000, 0.000000, -0.000100, 0.951983, 0.186231, 0.242996, -0.194518, 0.980844, 0.010351, -0.236415, -0.057114, 0.969969),
      ["LowerTorso"] = CFrame.new(-0.009913, -0.036659, 0.072827, 0.998824, 0.020787, -0.043806, -0.021145, 0.999747, -0.007723, 0.043634, 0.008641, 0.999010),
      ["Right Arm"] = CFrame.new(-0.146746, -0.471237, 0.440535, -0.542935, -0.228609, 0.808061, 0.582101, 0.591116, 0.558341, -0.605301, 0.773512, -0.187863),
      ["Right Arm.001"] = CFrame.new(-0.000000, 0.000000, -0.000000, 1.000000, 0.000000, -0.000000, 0.000000, 1.000000, 0.000000, -0.000000, -0.000000, 1.000000),
      ["Right Leg"] = CFrame.new(-0.179814, 0.184550, -0.038086, 0.970511, 0.150425, -0.188547, -0.097885, 0.960063, 0.262095, 0.220447, -0.235898, 0.946444),
      ["Right Leg.001"] = CFrame.new(0.000000, -0.000000, -0.000000, 1.000000, 0.000000, 0.000000, 0.000000, 1.000000, -0.000000, 0.000000, -0.000000, 1.000000),
      ["RightFoot"] = CFrame.new(0.000000, -0.002232, -0.000103, 0.931921, 0.248817, 0.263844, -0.254992, 0.966880, -0.011160, -0.257877, -0.056865, 0.964467),
      ["RightHand"] = CFrame.new(-0.000501, -0.001479, 0.000000, -0.892368, 0.008280, -0.451232, 0.106105, 0.975655, -0.191932, -0.438656, 0.219153, 0.871518),
      ["RightLowerArm"] = CFrame.new(-0.000000, 0.048977, 0.013471, 1.000000, 0.000000, 0.000000, -0.000000, 0.864919, -0.501916, -0.000000, 0.501912, 0.864923),
      ["RightLowerLeg"] = CFrame.new(-0.000000, -0.002224, -0.000026, 1.000000, 0.000000, -0.000000, 0.000000, 0.999999, -0.000008, -0.000000, -0.000011, 1.000038),
      ["RightUpperArm"] = CFrame.new(0.316357, -0.460668, 0.364642, -0.187863, 0.365218, 0.911769, 0.558341, 0.803429, -0.206779, -0.808061, 0.470232, -0.354850),
      ["RightUpperLeg"] = CFrame.new(0.000000, 0.000000, -0.000000, 0.950332, -0.262367, -0.167430, 0.260641, 0.964884, -0.032602, 0.170105, -0.012649, 0.985342),
      ["Torso"] = CFrame.new(0.003486, 0.143682, -0.102802, 0.999940, -0.010063, 0.004215, 0.009394, 0.990597, 0.136488, -0.005549, -0.136440, 0.990633),
      ["UpperTorso"] = CFrame.new(0.001286, -0.060517, -0.014041, 0.998237, -0.019202, 0.056160, 0.026252, 0.991473, -0.127637, -0.053231, 0.128886, 0.990230)
    }},
    {Time = 0.172, Data = {
      ["Head"] = CFrame.new(0.000000, -0.000000, -0.000000, 0.999065, 0.028938, 0.032134, -0.033930, 0.985264, 0.167641, -0.026809, -0.168574, 0.985324),
      ["Head.001"] = CFrame.new(0.000000, -0.000000, -0.000000, -0.999065, 0.032134, 0.028938, 0.033930, 0.167641, 0.985264, 0.026809, 0.985324, -0.168574),
      ["Left Arm"] = CFrame.new(0.328424, -0.500518, 0.114071, -0.111821, 0.456304, -0.882770, -0.803717, 0.480910, 0.350388, 0.584418, 0.748674, 0.312962),
      ["Left Arm.001"] = CFrame.new(0.000000, 0.000100, -0.000500, 1.000000, -0.000000, -0.000000, 0.000000, 1.000000, 0.000000, 0.000000, 0.000000, 1.000000),
      ["Left Leg"] = CFrame.new(0.108067, 0.188912, -0.009548, 0.972868, -0.171260, 0.155780, 0.130592, 0.961560, 0.241545, -0.191163, -0.214638, 0.957804),
      ["Left Leg.001"] = CFrame.new(0.000000, -0.000200, 0.000000, 1.000000, 0.000000, -0.000000, 0.000000, 1.000000, 0.000000, -0.000000, 0.000000, 1.000000),
      ["LeftFoot"] = CFrame.new(0.000000, -0.007187, -0.000003, 0.943563, -0.222853, -0.245001, 0.221420, 0.974596, -0.033746, 0.246291, -0.022395, 0.968901),
      ["LeftHand"] = CFrame.new(0.000502, -0.003717, 0.000000, 0.902415, -0.372436, 0.216652, 0.327007, 0.919424, 0.218463, -0.280557, -0.126296, 0.951487),
      ["LeftLowerArm"] = CFrame.new(-0.000500, 0.033665, 0.007049, 1.000000, -0.000000, -0.000000, -0.000000, 0.929138, -0.369737, 0.000000, 0.369734, 0.929142),
      ["LeftLowerLeg"] = CFrame.new(-0.000000, -0.006761, 0.000011, 1.000000, 0.000000, 0.000000, 0.000000, 0.999999, -0.000008, -0.000000, -0.000011, 1.000038),
      ["LeftUpperArm"] = CFrame.new(-0.092940, -0.466494, 0.438826, 0.312962, -0.479543, -0.819812, -0.350388, 0.743991, -0.568951, 0.882770, 0.465313, 0.064815),
      ["LeftUpperLeg"] = CFrame.new(0.000000, -0.000000, -0.000100, 0.952005, 0.186181, 0.242947, -0.194458, 0.980856, 0.010330, -0.236374, -0.057070, 0.969981),
      ["LowerTorso"] = CFrame.new(-0.009989, -0.036568, 0.072898, 0.998824, 0.020787, -0.043806, -0.021145, 0.999747, -0.007723, 0.043634, 0.008641, 0.999010),
      ["Right Arm"] = CFrame.new(-0.146804, -0.471198, 0.440478, -0.542867, -0.228694, 0.808083, 0.582022, 0.591219, 0.558315, -0.605438, 0.773408, -0.187847),
      ["Right Arm.001"] = CFrame.new(-0.000000, 0.000000, 0.000000, 1.000000, -0.000000, -0.000000, -0.000000, 1.000000, -0.000000, -0.000000, 0.000000, 1.000000),
      ["Right Leg"] = CFrame.new(-0.179828, 0.184498, -0.038075, 0.970515, 0.150384, -0.188558, -0.097836, 0.960062, 0.262115, 0.220449, -0.235928, 0.946436),
      ["Right Leg.001"] = CFrame.new(0.000000, 0.000000, 0.000000, 1.000000, -0.000000, 0.000000, -0.000000, 1.000000, -0.000000, 0.000000, 0.000000, 1.000000),
      ["RightFoot"] = CFrame.new(-0.000000, -0.002298, -0.000103, 0.931912, 0.248836, 0.263858, -0.255023, 0.966873, -0.011121, -0.257879, -0.056914, 0.964464),
      ["RightHand"] = CFrame.new(-0.000501, -0.001480, 0.000000, -0.892385, 0.008280, -0.451199, 0.106171, 0.975619, -0.192083, -0.438605, 0.219317, 0.871502),
      ["RightLowerArm"] = CFrame.new(0.000000, 0.048963, 0.013463, 1.000000, 0.000000, 0.000000, -0.000000, 0.864998, -0.501780, -0.000000, 0.501776, 0.865001),
      ["RightLowerLeg"] = CFrame.new(0.000000, -0.002289, -0.000027, 1.000000, 0.000000, -0.000000, -0.000000, 0.999999, -0.000008, 0.000000, -0.000011, 1.000038),
      ["RightUpperArm"] = CFrame.new(0.316349, -0.460655, 0.364653, -0.187847, 0.365202, 0.911778, 0.558315, 0.803445, -0.206785, -0.808083, 0.470216, -0.354822),
      ["RightUpperLeg"] = CFrame.new(0.000000, -0.000000, -0.000000, 0.950324, -0.262394, -0.167431, 0.260659, 0.964878, -0.032650, 0.170119, -0.012607, 0.985340),
      ["Torso"] = CFrame.new(0.003562, 0.143753, -0.102710, 0.999940, -0.010063, 0.004215, 0.009394, 0.990597, 0.136488, -0.005549, -0.136440, 0.990633),
      ["UpperTorso"] = CFrame.new(0.001286, -0.060517, -0.014041, 0.998237, -0.019202, 0.056160, 0.026252, 0.991473, -0.127637, -0.053231, 0.128886, 0.990230)
    }},
    {Time = 0.207, Data = {
      ["Head"] = CFrame.new(0.000000, 0.000000, 0.000000, 0.999064, 0.028941, 0.032135, -0.033941, 0.985216, 0.167918, -0.026801, -0.168852, 0.985277),
      ["Head.001"] = CFrame.new(0.000000, 0.000000, -0.000000, -0.999064, 0.032135, 0.028941, 0.033941, 0.167918, 0.985216, 0.026801, 0.985277, -0.168852),
      ["Left Arm"] = CFrame.new(0.328398, -0.500319, 0.113770, -0.111675, 0.456333, -0.882774, -0.803570, 0.481160, 0.350380, 0.584647, 0.748495, 0.312961),
      ["Left Arm.001"] = CFrame.new(-0.000000, 0.000100, -0.000500, 1.000000, 0.000000, 0.000000, 0.000000, 1.000000, 0.000000, 0.000000, 0.000000, 1.000000),
      ["Left Leg"] = CFrame.new(0.108054, 0.188836, -0.009527, 0.972882, -0.171215, 0.155740, 0.130571, 0.961581, 0.241471, -0.191104, -0.214577, 0.957829),
      ["Left Leg.001"] = CFrame.new(0.000000, -0.000200, -0.000000, 1.000000, -0.000000, 0.000000, 0.000000, 1.000000, 0.000000, 0.000000, -0.000000, 1.000000),
      ["LeftFoot"] = CFrame.new(-0.000000, -0.007227, -0.000003, 0.943592, -0.222785, -0.244952, 0.221363, 0.974611, -0.033694, 0.246233, -0.022418, 0.968916),
      ["LeftHand"] = CFrame.new(0.000503, -0.003725, 0.000000, 0.902419, -0.372430, 0.216648, 0.327088, 0.919465, 0.218168, -0.280451, -0.126014, 0.951556),
      ["LeftLowerArm"] = CFrame.new(-0.000500, 0.033602, 0.007026, 1.000000, -0.000000, -0.000000, -0.000000, 0.929360, -0.369177, 0.000000, 0.369173, 0.929365),
      ["LeftLowerLeg"] = CFrame.new(-0.000000, -0.006802, 0.000011, 1.000000, 0.000000, -0.000000, 0.000000, 0.999999, -0.000008, 0.000000, -0.000011, 1.000038),
      ["LeftUpperArm"] = CFrame.new(-0.092941, -0.466490, 0.438828, 0.312961, -0.479786, -0.819670, -0.350380, 0.743826, -0.569170, 0.882774, 0.465325, 0.064681),
      ["LeftUpperLeg"] = CFrame.new(0.000000, 0.000000, -0.000100, 0.952031, 0.186122, 0.242890, -0.194389, 0.980870, 0.010306, -0.236327, -0.057019, 0.969996),
      ["LowerTorso"] = CFrame.new(-0.010078, -0.036461, 0.072980, 0.998824, 0.020787, -0.043806, -0.021145, 0.999747, -0.007723, 0.043634, 0.008641, 0.999010),
      ["Right Arm"] = CFrame.new(-0.146871, -0.471152, 0.440411, -0.542788, -0.228792, 0.808108, 0.581930, 0.591338, 0.558284, -0.605597, 0.773288, -0.187830),
      ["Right Arm.001"] = CFrame.new(-0.000000, 0.000000, 0.000000, 1.000000, -0.000000, 0.000000, 0.000000, 1.000000, -0.000000, 0.000000, -0.000000, 1.000000),
      ["Right Leg"] = CFrame.new(-0.179842, 0.184455, -0.038066, 0.970520, 0.150336, -0.188570, -0.097780, 0.960061, 0.262139, 0.220452, -0.235961, 0.946427),
      ["Right Leg.001"] = CFrame.new(-0.000000, -0.000000, -0.000000, 1.000000, -0.000000, 0.000000, -0.000000, 1.000000, -0.000000, 0.000000, 0.000000, 1.000000),
      ["RightFoot"] = CFrame.new(-0.000000, -0.002355, -0.000103, 0.931902, 0.248857, 0.263873, -0.255058, 0.966864, -0.011075, -0.257880, -0.056970, 0.964460),
      ["RightHand"] = CFrame.new(-0.000501, -0.001482, 0.000000, -0.892405, 0.008279, -0.451160, 0.106248, 0.975576, -0.192258, -0.438547, 0.219508, 0.871484),
      ["RightLowerArm"] = CFrame.new(-0.000000, 0.048946, 0.013454, 1.000000, 0.000000, 0.000000, -0.000000, 0.865089, -0.501624, -0.000000, 0.501620, 0.865092),
      ["RightLowerLeg"] = CFrame.new(-0.000000, -0.002346, -0.000027, 1.000000, 0.000000, -0.000000, 0.000000, 0.999999, -0.000008, -0.000000, -0.000011, 1.000038),
      ["RightUpperArm"] = CFrame.new(0.316340, -0.460640, 0.364666, -0.187829, 0.365184, 0.911789, 0.558284, 0.803465, -0.206791, -0.808108, 0.470197, -0.354790),
      ["RightUpperLeg"] = CFrame.new(0.000000, 0.000000, -0.000000, 0.950316, -0.262425, -0.167432, 0.260681, 0.964870, -0.032706, 0.170135, -0.012558, 0.985338),
      ["Torso"] = CFrame.new(0.003651, 0.143836, -0.102603, 0.999940, -0.010063, 0.004215, 0.009394, 0.990597, 0.136488, -0.005549, -0.136440, 0.990633),
      ["UpperTorso"] = CFrame.new(0.001286, -0.060517, -0.014041, 0.998237, -0.019202, 0.056160, 0.026252, 0.991473, -0.127637, -0.053231, 0.128886, 0.990230)
    }},
    {Time = 0.241, Data = {
      ["Head"] = CFrame.new(-0.000000, -0.000000, -0.000000, 0.999064, 0.028944, 0.032137, -0.033952, 0.985162, 0.168232, -0.026791, -0.169166, 0.985223),
      ["Head.001"] = CFrame.new(0.000000, 0.000000, 0.000000, -0.999064, 0.032137, 0.028944, 0.033952, 0.168232, 0.985162, 0.026791, 0.985223, -0.169166),
      ["Left Arm"] = CFrame.new(0.328370, -0.500094, 0.113429, -0.111510, 0.456366, -0.882777, -0.803404, 0.481444, 0.350372, 0.584907, 0.748293, 0.312959),
      ["Left Arm.001"] = CFrame.new(0.000000, 0.000100, -0.000500, 1.000000, 0.000000, -0.000000, -0.000000, 1.000000, -0.000000, 0.000000, -0.000000, 1.000000),
      ["Left Leg"] = CFrame.new(0.108040, 0.188735, -0.009500, 0.972898, -0.171164, 0.155696, 0.130547, 0.961606, 0.241387, -0.191039, -0.214509, 0.957858),
      ["Left Leg.001"] = CFrame.new(0.000000, -0.000200, 0.000000, 1.000000, 0.000000, -0.000000, -0.000000, 1.000000, 0.000000, -0.000000, -0.000000, 1.000000),
      ["LeftFoot"] = CFrame.new(-0.000000, -0.007288, -0.000003, 0.943624, -0.222709, -0.244897, 0.221298, 0.974628, -0.033636, 0.246168, -0.022444, 0.968931),
      ["LeftHand"] = CFrame.new(0.000502, -0.003734, 0.000000, 0.902423, -0.372422, 0.216644, 0.327180, 0.919512, 0.217833, -0.280330, -0.125694, 0.951634),
      ["LeftLowerArm"] = CFrame.new(-0.000500, 0.033531, 0.007001, 1.000000, -0.000000, -0.000000, 0.000000, 0.929612, -0.368542, 0.000000, 0.368539, 0.929617),
      ["LeftLowerLeg"] = CFrame.new(-0.000000, -0.006863, 0.000010, 1.000000, 0.000000, 0.000000, 0.000000, 0.999999, -0.000008, -0.000000, -0.000011, 1.000038),
      ["LeftUpperArm"] = CFrame.new(-0.092942, -0.466486, 0.438830, 0.312959, -0.480062, -0.819510, -0.350372, 0.743640, -0.569419, 0.882777, 0.465339, 0.064529),
      ["LeftUpperLeg"] = CFrame.new(0.000000, 0.000000, -0.000100, 0.952060, 0.186057, 0.242825, -0.194310, 0.980886, 0.010278, -0.236273, -0.056962, 0.970012),
      ["LowerTorso"] = CFrame.new(-0.010178, -0.036341, 0.073074, 0.998824, 0.020787, -0.043806, -0.021145, 0.999747, -0.007723, 0.043634, 0.008641, 0.999010),
      ["Right Arm"] = CFrame.new(-0.146947, -0.471100, 0.440336, -0.542699, -0.228903, 0.808136, 0.581825, 0.591474, 0.558250, -0.605777, 0.773151, -0.187810),
      ["Right Arm.001"] = CFrame.new(0.000000, -0.000000, 0.000000, 1.000000, 0.000000, 0.000000, -0.000000, 1.000000, -0.000000, 0.000000, 0.000000, 1.000000),
      ["Right Leg"] = CFrame.new(-0.179858, 0.184407, -0.038055, 0.970526, 0.150282, -0.188584, -0.097717, 0.960061, 0.262166, 0.220455, -0.236000, 0.946417),
      ["Right Leg.001"] = CFrame.new(0.000000, 0.000000, 0.000000, 1.000000, 0.000000, 0.000000, -0.000000, 1.000000, 0.000000, -0.000000, -0.000000, 1.000000),
      ["RightFoot"] = CFrame.new(0.000000, -0.002419, -0.000103, 0.931890, 0.248882, 0.263891, -0.255098, 0.966854, -0.011023, -0.257882, -0.057033, 0.964456),
      ["RightHand"] = CFrame.new(-0.000501, -0.001484, 0.000000, -0.892427, 0.008278, -0.451116, 0.106334, 0.975527, -0.192456, -0.438481, 0.219723, 0.871463),
      ["RightLowerArm"] = CFrame.new(0.000000, 0.048927, 0.013444, 1.000000, 0.000000, 0.000000, -0.000000, 0.865192, -0.501446, -0.000000, 0.501442, 0.865195),
      ["RightLowerLeg"] = CFrame.new(0.000000, -0.002410, -0.000028, 1.000000, -0.000000, -0.000000, -0.000000, 0.999999, -0.000008, -0.000000, -0.000011, 1.000038),
      ["RightUpperArm"] = CFrame.new(0.316330, -0.460622, 0.364680, -0.187809, 0.365163, 0.911802, 0.558250, 0.803487, -0.206798, -0.808137, 0.470175, -0.354754),
      ["RightUpperLeg"] = CFrame.new(0.000000, 0.000000, -0.000000, 0.950305, -0.262460, -0.167434, 0.260706, 0.964861, -0.032770, 0.170153, -0.012502, 0.985335),
      ["Torso"] = CFrame.new(0.003751, 0.143929, -0.102483, 0.999940, -0.010063, 0.004215, 0.009394, 0.990597, 0.136488, -0.005549, -0.136440, 0.990633),
      ["UpperTorso"] = CFrame.new(0.001286, -0.060517, -0.014041, 0.998237, -0.019202, 0.056160, 0.026252, 0.991473, -0.127637, -0.053231, 0.128886, 0.990230)
    }},
    {Time = 0.276, Data = {
      ["Head"] = CFrame.new(0.000000, -0.000000, -0.000000, 0.999064, 0.028947, 0.032139, -0.033966, 0.985102, 0.168582, -0.026781, -0.169516, 0.985164),
      ["Head.001"] = CFrame.new(0.000000, -0.000000, -0.000000, -0.999064, 0.032139, 0.028947, 0.033966, 0.168582, 0.985102, 0.026781, 0.985164, -0.169516),
      ["Left Arm"] = CFrame.new(0.328339, -0.499843, 0.113050, -0.111326, 0.456402, -0.882782, -0.803219, 0.481760, 0.350363, 0.585197, 0.748067, 0.312957),
      ["Left Arm.001"] = CFrame.new(0.000000, 0.000100, -0.000500, 1.000000, 0.000000, -0.000000, 0.000000, 1.000000, -0.000000, -0.000000, -0.000000, 1.000000),
      ["Left Leg"] = CFrame.new(0.108023, 0.188639, -0.009474, 0.972916, -0.171107, 0.155646, 0.130520, 0.961633, 0.241294, -0.190965, -0.214433, 0.957889),
      ["Left Leg.001"] = CFrame.new(-0.000000, -0.000200, 0.000000, 1.000000, 0.000000, -0.000000, -0.000000, 1.000000, -0.000000, -0.000000, 0.000000, 1.000000),
      ["LeftFoot"] = CFrame.new(-0.000000, -0.007339, -0.000003, 0.943660, -0.222625, -0.244835, 0.221226, 0.974646, -0.033571, 0.246096, -0.022472, 0.968949),
      ["LeftHand"] = CFrame.new(0.000503, -0.003745, 0.000000, 0.902427, -0.372414, 0.216639, 0.327282, 0.919564, 0.217460, -0.280197, -0.125338, 0.951720),
      ["LeftLowerArm"] = CFrame.new(-0.000500, 0.033451, 0.006973, 1.000000, -0.000000, -0.000000, 0.000000, 0.929892, -0.367835, 0.000000, 0.367832, 0.929897),
      ["LeftLowerLeg"] = CFrame.new(-0.000000, -0.006913, 0.000009, 1.000000, 0.000000, -0.000000, 0.000000, 0.999999, -0.000008, 0.000000, -0.000011, 1.000038),
      ["LeftUpperArm"] = CFrame.new(-0.092943, -0.466481, 0.438832, 0.312957, -0.480368, -0.819331, -0.350363, 0.743433, -0.569695, 0.882782, 0.465354, 0.064359),
      ["LeftUpperLeg"] = CFrame.new(0.000000, -0.000000, -0.000100, 0.952093, 0.185984, 0.242754, -0.194223, 0.980903, 0.010248, -0.236214, -0.056898, 0.970030),
      ["LowerTorso"] = CFrame.new(-0.010289, -0.036206, 0.073177, 0.998824, 0.020787, -0.043806, -0.021145, 0.999747, -0.007723, 0.043634, 0.008641, 0.999010),
      ["Right Arm"] = CFrame.new(-0.147031, -0.471043, 0.440252, -0.542599, -0.229026, 0.808168, 0.581709, 0.591624, 0.558211, -0.605978, 0.773000, -0.187787),
      ["Right Arm.001"] = CFrame.new(-0.000000, -0.000000, -0.000000, 1.000000, 0.000000, 0.000000, 0.000000, 1.000000, -0.000000, 0.000000, -0.000000, 1.000000),
      ["Right Leg"] = CFrame.new(-0.179878, 0.184337, -0.038040, 0.970532, 0.150221, -0.188600, -0.097646, 0.960060, 0.262196, 0.220459, -0.236042, 0.946406),
      ["Right Leg.001"] = CFrame.new(-0.000000, 0.000000, 0.000000, 1.000000, -0.000000, 0.000000, 0.000000, 1.000000, -0.000000, 0.000000, 0.000000, 1.000000),
      ["RightFoot"] = CFrame.new(0.000000, -0.002507, -0.000103, 0.931877, 0.248909, 0.263911, -0.255143, 0.966843, -0.010965, -0.257884, -0.057104, 0.964451),
      ["RightHand"] = CFrame.new(-0.000501, -0.001486, 0.000000, -0.892452, 0.008278, -0.451067, 0.106431, 0.975473, -0.192676, -0.438407, 0.219963, 0.871439),
      ["RightLowerArm"] = CFrame.new(0.000000, 0.048906, 0.013433, 1.000000, 0.000000, 0.000000, 0.000000, 0.865306, -0.501248, -0.000000, 0.501244, 0.865310),
      ["RightLowerLeg"] = CFrame.new(0.000000, -0.002498, -0.000030, 1.000000, 0.000000, 0.000000, -0.000000, 0.999999, -0.000008, -0.000000, -0.000011, 1.000038),
      ["RightUpperArm"] = CFrame.new(0.316319, -0.460603, 0.364696, -0.187787, 0.365139, 0.911816, 0.558211, 0.803512, -0.206805, -0.808168, 0.470151, -0.354713),
      ["RightUpperLeg"] = CFrame.new(0.000000, -0.000000, -0.000000, 0.950294, -0.262499, -0.167436, 0.260733, 0.964851, -0.032841, 0.170173, -0.012440, 0.985332),
      ["Torso"] = CFrame.new(0.003862, 0.144033, -0.102349, 0.999940, -0.010063, 0.004215, 0.009394, 0.990597, 0.136488, -0.005549, -0.136440, 0.990633),
      ["UpperTorso"] = CFrame.new(0.001286, -0.060517, -0.014041, 0.998237, -0.019202, 0.056160, 0.026252, 0.991473, -0.127637, -0.053231, 0.128886, 0.990230)
    }},
    {Time = 0.310, Data = {
      ["Head"] = CFrame.new(0.000000, 0.000000, -0.000000, 0.999064, 0.028950, 0.032142, -0.033980, 0.985036, 0.168965, -0.026769, -0.169899, 0.985098),
      ["Head.001"] = CFrame.new(0.000000, -0.000000, -0.000000, -0.999064, 0.032142, 0.028950, 0.033980, 0.168965, 0.985036, 0.026769, 0.985098, -0.169899),
      ["Left Arm"] = CFrame.new(0.328304, -0.499568, 0.112633, -0.111124, 0.456442, -0.882787, -0.803015, 0.482106, 0.350352, 0.585514, 0.747820, 0.312955),
      ["Left Arm.001"] = CFrame.new(0.000000, 0.000100, -0.000500, 1.000000, 0.000000, 0.000000, 0.000000, 1.000000, 0.000000, 0.000000, -0.000000, 1.000000),
      ["Left Leg"] = CFrame.new(0.108004, 0.188535, -0.009445, 0.972936, -0.171044, 0.155592, 0.130491, 0.961662, 0.241191, -0.190885, -0.214350, 0.957924),
      ["Left Leg.001"] = CFrame.new(-0.000000, -0.000200, -0.000000, 1.000000, 0.000000, -0.000000, 0.000000, 1.000000, 0.000000, 0.000000, -0.000000, 1.000000),
      ["LeftFoot"] = CFrame.new(-0.000000, -0.007394, -0.000003, 0.943699, -0.222533, -0.244768, 0.221146, 0.974667, -0.033500, 0.246016, -0.022504, 0.968969),
      ["LeftHand"] = CFrame.new(0.000502, -0.003756, 0.000000, 0.902432, -0.372405, 0.216634, 0.327394, 0.919620, 0.217052, -0.280050, -0.124948, 0.951814),
      ["LeftLowerArm"] = CFrame.new(-0.000500, 0.033363, 0.006943, 1.000000, -0.000000, -0.000000, 0.000000, 0.930199, -0.367060, 0.000000, 0.367057, 0.930203),
      ["LeftLowerLeg"] = CFrame.new(-0.000000, -0.006968, 0.000009, 1.000000, 0.000000, 0.000000, -0.000000, 0.999999, -0.000008, 0.000000, -0.000011, 1.000038),
      ["LeftUpperArm"] = CFrame.new(-0.092944, -0.466476, 0.438834, 0.312955, -0.480705, -0.819134, -0.350352, 0.743205, -0.569999, 0.882787, 0.465370, 0.064174),
      ["LeftUpperLeg"] = CFrame.new(0.000000, 0.000000, -0.000100, 0.952128, 0.185903, 0.242675, -0.194128, 0.980923, 0.010214, -0.236149, -0.056828, 0.970050),
      ["LowerTorso"] = CFrame.new(-0.010411, -0.036060, 0.073291, 0.998824, 0.020787, -0.043806, -0.021145, 0.999747, -0.007723, 0.043634, 0.008641, 0.999010),
      ["Right Arm"] = CFrame.new(-0.147123, -0.470980, 0.440159, -0.542491, -0.229162, 0.808203, 0.581582, 0.591789, 0.558169, -0.606198, 0.772833, -0.187763),
      ["Right Arm.001"] = CFrame.new(-0.000000, 0.000000, 0.000000, 1.000000, 0.000000, -0.000000, -0.000000, 1.000000, -0.000000, -0.000000, -0.000000, 1.000000),
      ["Right Leg"] = CFrame.new(-0.179897, 0.184277, -0.038027, 0.970539, 0.150155, -0.188617, -0.097569, 0.960058, 0.262229, 0.220463, -0.236089, 0.946393),
      ["Right Leg.001"] = CFrame.new(0.000000, -0.000000, 0.000000, 1.000000, 0.000000, -0.000000, -0.000000, 1.000000, -0.000000, -0.000000, -0.000000, 1.000000),
      ["RightFoot"] = CFrame.new(0.000000, -0.002587, -0.000103, 0.931864, 0.248938, 0.263932, -0.255192, 0.966831, -0.010902, -0.257886, -0.057182, 0.964446),
      ["RightHand"] = CFrame.new(-0.000501, -0.001488, 0.000000, -0.892478, 0.008277, -0.451014, 0.106537, 0.975414, -0.192918, -0.438327, 0.220226, 0.871413),
      ["RightLowerArm"] = CFrame.new(0.000000, 0.048882, 0.013420, 1.000000, 0.000000, 0.000000, -0.000000, 0.865432, -0.501031, -0.000000, 0.501027, 0.865436),
      ["RightLowerLeg"] = CFrame.new(0.000000, -0.002577, -0.000031, 1.000000, -0.000000, -0.000000, -0.000000, 0.999999, -0.000008, 0.000000, -0.000011, 1.000038),
      ["RightUpperArm"] = CFrame.new(0.316307, -0.460582, 0.364713, -0.187763, 0.365114, 0.911831, 0.558169, 0.803539, -0.206814, -0.808203, 0.470124, -0.354669),
