return {
  ["Rots - flip TO down smooth loop"] = {
    {Time = 0.000, Data = {
      ["Head"] = CFrame.new(0.000000, 0.000000, -0.000000, 0.996137, 0.025760, -0.083953, -0.023103, 0.999206, 0.032462, 0.084722, -0.030397, 0.995941),
      ["Head.001"] = CFrame.new(0.000000, -0.000000, 0.000000, -0.996137, -0.083952, 0.025760, 0.023103, 0.032462, 0.999206, -0.084722, 0.995941, -0.030397),
      ["Left Arm"] = CFrame.new(0.559545, -0.426783, 0.081107, -0.160529, 0.951022, -0.264175, -0.981256, -0.182689, -0.061411, -0.106666, 0.249364, 0.962518),
      ["Left Arm.001"] = CFrame.new(-0.000000, 0.000100, -0.000500, 1.000000, -0.000000, 0.000000, -0.000000, 1.000000, -0.000000, -0.000000, 0.000000, 1.000000),
      ["Left Leg"] = CFrame.new(0.053432, 0.781496, -0.618607, 0.113652, -0.222266, 0.968340, -0.907214, 0.374181, 0.192356, -0.405106, -0.900326, -0.159111),
      ["Left Leg.001"] = CFrame.new(0.000000, -0.000200, 0.000000, 1.000000, -0.000000, 0.000000, -0.000000, 1.000000, 0.000000, -0.000000, 0.000000, 1.000000),
      ["LeftFoot"] = CFrame.new(-0.000000, 0.016493, -0.000003, 0.987852, -0.008602, -0.155159, -0.020451, 0.982588, -0.184670, 0.154044, 0.185589, 0.970444),
      ["LeftHand"] = CFrame.new(0.000496, 0.005263, 0.000000, 0.992410, 0.105921, -0.062477, -0.087966, 0.966474, 0.241227, 0.085932, -0.233898, 0.968451),
      ["LeftLowerArm"] = CFrame.new(-0.000499, 0.103226, 0.098935, 1.000000, -0.000000, 0.000000, 0.000000, 0.004322, -0.999995, 0.000000, 0.999992, 0.004322),
      ["LeftLowerLeg"] = CFrame.new(-0.000000, 0.079107, -0.022535, 1.000000, -0.000000, -0.000000, 0.000000, 0.769078, 0.639182, -0.000000, -0.639173, 0.769089),
      ["LeftUpperArm"] = CFrame.new(-0.007760, 0.026705, 0.125750, 0.962518, -0.107742, -0.248901, 0.061411, 0.980452, -0.186927, 0.264175, 0.164637, 0.950318),
      ["LeftUpperLeg"] = CFrame.new(-0.000000, 0.000000, -0.000100, -0.181300, 0.954702, -0.235929, -0.970979, -0.211830, -0.111030, -0.155981, 0.208970, 0.965405),
      ["LowerTorso"] = CFrame.new(-0.319710, -1.649738, -0.611343, 0.999901, -0.013892, 0.002282, 0.013133, 0.978809, 0.204352, -0.005073, -0.204302, 0.978895),
      ["Right Arm"] = CFrame.new(-0.532988, -0.325316, 0.096494, 0.013172, -0.998497, 0.053200, 0.988710, 0.020951, 0.148404, -0.149296, 0.050645, 0.987495),
      ["Right Arm.001"] = CFrame.new(-0.000000, 0.000000, 0.000000, 1.000000, 0.000000, 0.000000, 0.000000, 1.000000, 0.000000, -0.000000, 0.000000, 1.000000),
      ["Right Leg"] = CFrame.new(-0.242990, 0.385860, -0.573552, -0.119700, 0.019369, -0.992621, 0.973621, 0.198079, -0.113538, 0.194424, -0.979994, -0.042567),
      ["Right Leg.001"] = CFrame.new(-0.000000, 0.000000, 0.000000, 1.000000, 0.000000, -0.000000, -0.000000, 1.000000, 0.000000, -0.000000, -0.000000, 1.000000),
      ["RightFoot"] = CFrame.new(-0.000000, 0.010253, -0.000103, 0.940918, -0.290872, -0.173400, 0.312111, 0.943561, 0.110814, 0.131374, -0.158380, 0.978565),
      ["RightHand"] = CFrame.new(-0.000495, 0.007363, 0.000000, 0.985001, 0.147010, -0.090340, -0.152766, 0.986411, -0.060465, 0.080223, 0.073359, 0.994069),
      ["RightLowerArm"] = CFrame.new(-0.000001, 0.102338, 0.074874, 1.000000, 0.000000, 0.000000, -0.000000, 0.244113, -0.969751, -0.000000, 0.969748, 0.244114),
      ["RightLowerLeg"] = CFrame.new(0.000000, 0.048942, -0.007942, 1.000000, 0.000000, 0.000000, -0.000000, 0.919308, 0.393554, 0.000000, -0.393554, 0.919335),
      ["RightUpperArm"] = CFrame.new(-0.016400, 0.022044, 0.140073, 0.987495, -0.132415, 0.085557, 0.148404, 0.963908, -0.221039, -0.053200, 0.230972, 0.971504),
      ["RightUpperLeg"] = CFrame.new(0.000000, 0.000000, -0.000000, -0.012566, -0.973975, 0.226286, 0.889393, -0.114315, -0.442617, 0.456970, 0.195708, 0.867686),
      ["Torso"] = CFrame.new(0.340802, -1.426044, -2.217217, 0.999433, -0.015378, 0.029958, 0.031964, 0.153319, -0.987660, 0.010595, 0.988057, 0.153723),
      ["UpperTorso"] = CFrame.new(0.002479, -0.021505, -0.147886, 0.999357, -0.022926, 0.027574, -0.017724, 0.352663, 0.935583, -0.031174, -0.935470, 0.352030)
    }},
    {Time = 0.034, Data = {
      ["Head"] = CFrame.new(0.000000, 0.000000, -0.000000, 0.996137, 0.025760, -0.083953, -0.023103, 0.999206, 0.032462, 0.084722, -0.030397, 0.995941),
      ["Head.001"] = CFrame.new(0.000000, -0.000000, 0.000000, -0.996137, -0.083952, 0.025760, 0.023103, 0.032462, 0.999206, -0.084722, 0.995941, -0.030397),
      ["Left Arm"] = CFrame.new(0.624526, -0.431275, 0.099023, -0.174926, 0.944356, -0.278556, -0.976791, -0.201980, -0.071356, -0.123649, 0.259608, 0.957766),
      ["Left Arm.001"] = CFrame.new(-0.000000, 0.000100, -0.000500, 1.000000, -0.000000, 0.000000, -0.000000, 1.000000, 0.000000, 0.000000, -0.000000, 1.000000),
      ["Left Leg"] = CFrame.new(0.031338, 0.886666, -0.564297, 0.097736, -0.229719, 0.968338, -0.878643, 0.437070, 0.192362, -0.467440, -0.869597, -0.159118),
      ["Left Leg.001"] = CFrame.new(0.000000, -0.000200, 0.000000, 1.000000, 0.000000, 0.000000, 0.000000, 1.000000, 0.000000, 0.000000, 0.000000, 1.000000),
      ["LeftFoot"] = CFrame.new(0.000000, 0.019479, -0.000002, 0.987853, -0.008609, -0.155155, -0.031229, 0.967097, -0.252483, 0.152222, 0.254249, 0.955050),
      ["LeftHand"] = CFrame.new(0.000496, 0.005720, -0.000000, 0.990019, 0.121451, -0.071497, -0.099027, 0.960443, 0.260274, 0.100279, -0.250594, 0.962879),
      ["LeftLowerArm"] = CFrame.new(-0.000499, 0.102933, 0.108868, 1.000000, -0.000000, 0.000000, 0.000000, -0.096041, -0.995382, 0.000000, 0.995379, -0.096041),
      ["LeftLowerLeg"] = CFrame.new(-0.000000, 0.088000, -0.028169, 1.000000, -0.000000, -0.000000, 0.000000, 0.710688, 0.703538, -0.000000, -0.703525, 0.710693),
      ["LeftUpperArm"] = CFrame.new(-0.010136, 0.031678, 0.132941, 0.957766, -0.098144, -0.270283, 0.071356, 0.991670, -0.107235, 0.278556, 0.083420, 0.956789),
      ["LeftUpperLeg"] = CFrame.new(-0.000000, 0.000000, -0.000100, -0.181307, 0.950673, -0.251664, -0.970979, -0.213640, -0.107509, -0.155975, 0.224888, 0.961823),
      ["LowerTorso"] = CFrame.new(-0.365188, -1.721160, -0.651615, 0.999901, -0.013892, 0.002282, 0.013133, 0.978809, 0.204352, -0.005073, -0.204302, 0.978895),
      ["Right Arm"] = CFrame.new(-0.597636, -0.340019, 0.102226, -0.013323, -0.998493, 0.053242, 0.988913, -0.005280, 0.148435, -0.147931, 0.054629, 0.987488),
      ["Right Arm.001"] = CFrame.new(-0.000000, 0.000000, -0.000000, 1.000000, 0.000000, -0.000000, -0.000000, 1.000000, 0.000000, -0.000000, 0.000000, 1.000000),
      ["Right Leg"] = CFrame.new(-0.223190, 0.279879, -0.583242, -0.147936, 0.006954, -0.988973, 0.977999, 0.149977, -0.145232, 0.147312, -0.988664, -0.028987),
      ["Right Leg.001"] = CFrame.new(0.000000, -0.000000, 0.000000, 1.000000, 0.000000, -0.000000, -0.000000, 1.000000, 0.000000, 0.000000, 0.000000, 1.000000),
      ["RightFoot"] = CFrame.new(0.000000, 0.006893, -0.000103, 0.945458, -0.281912, -0.163204, 0.306873, 0.938889, 0.155946, 0.109264, -0.197510, 0.974158),
      ["RightHand"] = CFrame.new(-0.000495, 0.007999, 0.000000, 0.985005, 0.146967, -0.090370, -0.150543, 0.988016, -0.034076, 0.084278, 0.047170, 0.995320),
      ["RightLowerArm"] = CFrame.new(-0.000001, 0.104792, 0.085696, 1.000000, 0.000000, 0.000000, -0.000000, 0.134337, -0.990940, -0.000000, 0.990937, 0.134338),
      ["RightLowerLeg"] = CFrame.new(-0.000000, 0.030544, -0.002851, 1.000000, 0.000000, -0.000000, -0.000000, 0.970912, 0.239442, -0.000000, -0.239450, 0.970946),
      ["RightUpperArm"] = CFrame.new(-0.016397, 0.022029, 0.140094, 0.987488, -0.139251, 0.074006, 0.148435, 0.979235, -0.138079, -0.053242, 0.147337, 0.987651),
      ["RightUpperLeg"] = CFrame.new(0.000000, 0.000000, -0.000000, 0.001631, -0.993669, 0.112314, 0.874562, -0.053050, -0.482001, 0.484911, 0.099021, 0.868939),
      ["Torso"] = CFrame.new(0.342201, -1.426868, -2.284345, 0.999433, -0.015378, 0.029958, 0.031964, 0.153319, -0.987660, 0.010595, 0.988057, 0.153723),
      ["UpperTorso"] = CFrame.new(0.046410, -0.025973, -0.108293, 0.999357, -0.022926, 0.027574, -0.017724, 0.352663, 0.935583, -0.031174, -0.935470, 0.352030)
    }},
    {Time = 0.069, Data = {
      ["Head"] = CFrame.new(0.000000, 0.000000, -0.000000, 0.996137, 0.025760, -0.083953, -0.023103, 0.999206, 0.032462, 0.084722, -0.030397, 0.995941),
      ["Head.001"] = CFrame.new(0.000000, -0.000000, 0.000000, -0.996137, -0.083952, 0.025760, 0.023103, 0.032462, 0.999206, -0.084722, 0.995941, -0.030397),
      ["Left Arm"] = CFrame.new(0.670507, -0.423095, 0.113667, -0.167567, 0.943097, -0.287209, -0.977312, -0.197200, -0.077349, -0.129586, 0.267731, 0.954740),
      ["Left Arm.001"] = CFrame.new(-0.000000, 0.000100, -0.000500, 1.000000, -0.000000, -0.000000, -0.000000, 1.000000, -0.000000, 0.000000, 0.000000, 1.000000),
      ["Left Leg"] = CFrame.new(0.011896, 1.026029, -0.471179, 0.073967, -0.242448, 0.967341, -0.828663, 0.524767, 0.194881, -0.554899, -0.815989, -0.162086),
      ["Left Leg.001"] = CFrame.new(0.000000, -0.000200, 0.000000, 1.000000, -0.000000, -0.000000, 0.000000, 1.000000, 0.000000, -0.000000, -0.000000, 1.000000),
      ["LeftFoot"] = CFrame.new(-0.000000, 0.023068, -0.000003, 0.988107, -0.012157, -0.153284, -0.042857, 0.935597, -0.350458, 0.147671, 0.352845, 0.923920),
      ["LeftHand"] = CFrame.new(0.000496, 0.005941, -0.000000, 0.988416, 0.130824, -0.076931, -0.107280, 0.960820, 0.255568, 0.107351, -0.244353, 0.963721),
      ["LeftLowerArm"] = CFrame.new(-0.000499, 0.102339, 0.114211, 1.000000, -0.000000, 0.000000, 0.000000, -0.150031, -0.988686, 0.000000, 0.988683, -0.150031),
      ["LeftLowerLeg"] = CFrame.new(-0.000000, 0.098254, -0.036071, 1.000000, -0.000000, -0.000000, 0.000000, 0.628491, 0.777848, -0.000000, -0.777833, 0.628492),
      ["LeftUpperArm"] = CFrame.new(-0.011650, 0.034675, 0.137267, 0.954740, -0.087951, -0.284142, 0.077349, 0.995832, -0.048342, 0.287209, 0.024177, 0.957562),
      ["LeftUpperLeg"] = CFrame.new(-0.000000, 0.000000, -0.000100, -0.184188, 0.948419, -0.257993, -0.970882, -0.216465, -0.102618, -0.153174, 0.231600, 0.960680),
      ["LowerTorso"] = CFrame.new(-0.432749, -1.759660, -0.718204, 0.999901, -0.013892, 0.002282, 0.013133, 0.978809, 0.204352, -0.005073, -0.204302, 0.978895),
      ["Right Arm"] = CFrame.new(-0.640116, -0.339373, 0.104609, -0.015122, -0.998409, 0.054329, 0.988987, -0.006932, 0.147871, -0.147259, 0.055966, 0.987514),
      ["Right Arm.001"] = CFrame.new(0.000000, -0.000000, 0.000000, 1.000000, 0.000000, -0.000000, 0.000000, 1.000000, 0.000000, -0.000000, 0.000000, 1.000000),
      ["Right Leg"] = CFrame.new(-0.185787, 0.118642, -0.619848, -0.190347, 0.028507, -0.981304, 0.979356, 0.075331, -0.187770, 0.068559, -0.996749, -0.042256),
      ["Right Leg.001"] = CFrame.new(0.000000, 0.000000, -0.000000, 1.000000, -0.000000, 0.000000, -0.000000, 1.000000, 0.000000, -0.000000, -0.000000, 1.000000),
      ["RightFoot"] = CFrame.new(-0.000000, -0.009230, -0.000103, 0.958829, -0.252483, -0.130000, 0.277259, 0.931322, 0.236158, 0.061445, -0.262456, 0.962950),
      ["RightHand"] = CFrame.new(-0.000495, 0.008284, -0.000000, 0.985215, 0.145927, -0.089759, -0.149325, 0.988259, -0.032349, 0.083984, 0.045274, 0.995433),
      ["RightLowerArm"] = CFrame.new(-0.000001, 0.105556, 0.091507, 1.000000, 0.000000, 0.000000, -0.000000, 0.075383, -0.997159, -0.000000, 0.997156, 0.075383),
      ["RightLowerLeg"] = CFrame.new(0.000000, -0.009197, -0.000118, 1.000000, 0.000000, 0.000000, 0.000000, 0.999999, -0.000007, 0.000000, -0.000011, 1.000039),
      ["RightUpperArm"] = CFrame.new(-0.016410, 0.022311, 0.140637, 0.987514, -0.142621, 0.066908, 0.147871, 0.985646, -0.081465, -0.054328, 0.090342, 0.994427),
      ["RightUpperLeg"] = CFrame.new(0.000000, -0.000000, 0.000000, -0.010866, -0.998623, -0.051316, 0.852620, 0.017557, -0.522232, 0.522418, -0.049424, 0.851254),
      ["Torso"] = CFrame.new(0.343565, -1.438620, -2.326521, 0.999433, -0.015378, 0.029958, 0.031964, 0.153319, -0.987660, 0.010595, 0.988057, 0.153723),
      ["UpperTorso"] = CFrame.new(0.112273, -0.041695, -0.055213, 0.999357, -0.022926, 0.027574, -0.017724, 0.352663, 0.935583, -0.031174, -0.935470, 0.352030)
    }},
    {Time = 0.103, Data = {
      ["Head"] = CFrame.new(0.000000, 0.000000, -0.000000, 0.996137, 0.025760, -0.083953, -0.023103, 0.999206, 0.032462, 0.084722, -0.030397, 0.995941),
      ["Head.001"] = CFrame.new(0.000000, -0.000000, -0.000000, -0.996137, -0.083952, 0.025760, 0.023103, 0.032462, 0.999206, -0.084722, 0.995941, -0.030397),
      ["Left Arm"] = CFrame.new(0.719630, -0.404746, 0.131158, -0.146213, 0.943973, -0.295867, -0.980500, -0.177994, -0.083352, -0.131346, 0.277910, 0.951586),
      ["Left Arm.001"] = CFrame.new(-0.000000, 0.000100, -0.000500, 1.000000, 0.000000, 0.000000, -0.000000, 1.000000, -0.000000, 0.000000, 0.000000, 1.000000),
      ["Left Leg"] = CFrame.new(0.022871, 1.149021, -0.363080, 0.048356, -0.240670, 0.969402, -0.770139, 0.609069, 0.189623, -0.636093, -0.755720, -0.155892),
      ["Left Leg.001"] = CFrame.new(0.000000, -0.000200, 0.000000, 1.000000, -0.000000, -0.000000, 0.000000, 1.000000, 0.000000, 0.000000, 0.000000, 1.000000),
      ["LeftFoot"] = CFrame.new(0.000000, 0.025345, -0.000002, 0.987558, -0.004758, -0.157183, -0.066141, 0.894272, -0.442611, 0.142668, 0.447483, 0.882802),
      ["LeftHand"] = CFrame.new(0.000496, 0.006126, -0.000000, 0.986688, 0.140224, -0.082373, -0.117316, 0.964494, 0.236619, 0.112627, -0.223804, 0.968100),
      ["LeftLowerArm"] = CFrame.new(-0.000499, 0.101617, 0.118642, 1.000000, -0.000000, 0.000000, 0.000000, -0.194828, -0.980842, 0.000000, 0.980839, -0.194829),
      ["LeftLowerLeg"] = CFrame.new(-0.000000, 0.105628, -0.043612, 1.000000, -0.000000, -0.000000, 0.000000, 0.550120, 0.835117, -0.000000, -0.835100, 0.550118),
      ["LeftUpperArm"] = CFrame.new(-0.013227, 0.037676, 0.141596, 0.951586, -0.074683, -0.298173, 0.083352, 0.996385, 0.016445, 0.295867, -0.040502, 0.954369),
      ["LeftUpperLeg"] = CFrame.new(-0.000000, 0.000000, -0.000100, -0.178176, 0.950817, -0.253347, -0.971066, -0.211513, -0.110875, -0.159012, 0.226283, 0.960999),
      ["LowerTorso"] = CFrame.new(-0.498147, -1.779363, -0.788981, 0.999901, -0.013892, 0.002282, 0.013133, 0.978809, 0.204352, -0.005073, -0.204302, 0.978895),
      ["Right Arm"] = CFrame.new(-0.683879, -0.329441, 0.106073, -0.003394, -0.998373, 0.056912, 0.989206, 0.004988, 0.146477, -0.146523, 0.056795, 0.987576),
      ["Right Arm.001"] = CFrame.new(-0.000000, -0.000000, 0.000000, 1.000000, 0.000000, -0.000000, 0.000000, 1.000000, -0.000000, -0.000000, 0.000000, 1.000000),
      ["Right Leg"] = CFrame.new(-0.194707, 0.149135, -0.659769, -0.237605, 0.041376, -0.970482, 0.966464, 0.110648, -0.231889, 0.097778, -0.992996, -0.066276),
      ["Right Leg.001"] = CFrame.new(-0.000000, 0.000000, -0.000000, 1.000000, 0.000000, -0.000000, 0.000000, 1.000000, -0.000000, -0.000000, 0.000000, 1.000000),
      ["RightFoot"] = CFrame.new(-0.000000, -0.044294, -0.000103, 0.972928, -0.214033, -0.087177, 0.228054, 0.950264, 0.212115, 0.037442, -0.226232, 0.973318),
      ["RightHand"] = CFrame.new(-0.000494, 0.008621, 0.000000, 0.985714, 0.143455, -0.088255, -0.147750, 0.988037, -0.044191, 0.080860, 0.056599, 0.995112),
      ["RightLowerArm"] = CFrame.new(-0.000001, 0.105954, 0.096272, 1.000000, 0.000000, -0.000000, 0.000000, 0.026954, -0.999642, -0.000000, 0.999638, 0.026954),
      ["RightLowerLeg"] = CFrame.new(0.000000, -0.044138, -0.000581, 1.000000, 0.000000, 0.000000, 0.000000, 0.999999, -0.000007, -0.000000, -0.000011, 1.000039),
      ["RightUpperArm"] = CFrame.new(-0.016440, 0.023008, 0.141929, 0.987576, -0.144938, 0.060723, 0.146477, 0.988977, -0.021677, -0.056912, 0.030302, 0.997918),
      ["RightUpperLeg"] = CFrame.new(0.000000, 0.000000, -0.000000, -0.034157, -0.996037, -0.082114, 0.827362, 0.017905, -0.561380, 0.560630, -0.087109, 0.823470),
      ["Torso"] = CFrame.new(0.344887, -1.457738, -2.368046, 0.999433, -0.015378, 0.029958, 0.031964, 0.153319, -0.987660, 0.010595, 0.988057, 0.153723),
      ["UpperTorso"] = CFrame.new(0.175794, -0.074498, -0.008957, 0.999357, -0.022926, 0.027574, -0.017724, 0.352663, 0.935583, -0.031174, -0.935470, 0.352030)
    }},
    {Time = 0.138, Data = {
      ["Head"] = CFrame.new(-0.000000, 0.000000, -0.000000, 0.996137, 0.025760, -0.083953, -0.023103, 0.999206, 0.032462, 0.084722, -0.030397, 0.995941),
      ["Head.001"] = CFrame.new(0.000000, -0.000000, 0.000000, -0.996137, -0.083952, 0.025760, 0.023103, 0.032462, 0.999206, -0.084722, 0.995941, -0.030397),
      ["Left Arm"] = CFrame.new(0.787832, -0.370602, 0.158798, -0.110552, 0.944229, -0.310178, -0.984884, -0.145964, -0.093315, -0.133386, 0.295172, 0.946088),
      ["Left Arm.001"] = CFrame.new(0.000000, 0.000100, -0.000500, 1.000000, -0.000000, 0.000000, 0.000000, 1.000000, 0.000000, 0.000000, -0.000000, 1.000000),
      ["Left Leg"] = CFrame.new(0.079231, 1.224390, -0.269874, 0.031195, -0.212629, 0.976636, -0.720320, 0.672650, 0.169450, -0.692988, -0.708753, -0.132173),
      ["Left Leg.001"] = CFrame.new(-0.000000, -0.000200, -0.000000, 1.000000, 0.000000, 0.000000, 0.000000, 1.000000, 0.000000, -0.000000, -0.000000, 1.000000),
      ["LeftFoot"] = CFrame.new(0.000000, 0.026693, -0.000003, 0.984826, 0.023462, -0.171950, -0.108485, 0.856605, -0.504440, 0.135455, 0.515422, 0.846124),
      ["LeftHand"] = CFrame.new(0.000496, 0.006360, 0.000000, 0.983549, 0.155809, -0.091402, -0.134534, 0.969481, 0.204955, 0.120546, -0.189286, 0.974489),
      ["LeftLowerArm"] = CFrame.new(-0.000499, 0.100363, 0.124333, 1.000000, -0.000000, 0.000000, 0.000000, -0.252368, -0.967636, 0.000000, 0.967632, -0.252369),
      ["LeftLowerLeg"] = CFrame.new(-0.000000, 0.109705, -0.048520, 1.000000, -0.000000, -0.000000, 0.000000, 0.499029, 0.866618, -0.000000, -0.866599, 0.499025),
      ["LeftUpperArm"] = CFrame.new(-0.015976, 0.042657, 0.148752, 0.946088, -0.054576, -0.319279, 0.093315, 0.989837, 0.107312, 0.310178, -0.131320, 0.941564),
      ["LeftUpperLeg"] = CFrame.new(-0.000000, 0.000000, -0.000100, -0.155133, 0.958013, -0.241099, -0.971139, -0.192650, -0.140621, -0.181168, 0.212348, 0.960257),
      ["LowerTorso"] = CFrame.new(-0.542274, -1.791754, -0.847907, 0.999901, -0.013892, 0.002282, 0.013133, 0.978809, 0.204352, -0.005073, -0.204302, 0.978895),
      ["Right Arm"] = CFrame.new(-0.745285, -0.308148, 0.107731, 0.018792, -0.997932, 0.061467, 0.989200, 0.027498, 0.144004, -0.145397, 0.058097, 0.987666),
      ["Right Arm.001"] = CFrame.new(0.000000, -0.000000, 0.000000, 1.000000, 0.000000, -0.000000, -0.000000, 1.000000, -0.000000, -0.000000, 0.000000, 1.000000),
      ["Right Leg"] = CFrame.new(-0.229768, 0.168876, -0.688341, -0.279520, 0.051858, -0.958741, 0.952813, 0.138421, -0.270287, 0.118684, -0.989013, -0.088099),
      ["Right Leg.001"] = CFrame.new(0.000000, 0.000000, 0.000000, 1.000000, 0.000000, -0.000000, -0.000000, 1.000000, 0.000000, -0.000000, 0.000000, 1.000000),
      ["RightFoot"] = CFrame.new(-0.000000, -0.069299, -0.000103, 0.983223, -0.176511, -0.045998, 0.182136, 0.963776, 0.194849, 0.009939, -0.199938, 0.979723),
      ["RightHand"] = CFrame.new(-0.000494, 0.008887, 0.000000, 0.986574, 0.139092, -0.085590, -0.144954, 0.987197, -0.066553, 0.075237, 0.078066, 0.994100),
      ["RightLowerArm"] = CFrame.new(-0.000001, 0.106028, 0.102526, 1.000000, 0.000000, -0.000000, -0.000000, -0.036504, -0.999338, -0.000000, 0.999335, -0.036504),
      ["RightLowerLeg"] = CFrame.new(-0.000000, -0.069057, -0.000911, 1.000000, 0.000000, 0.000000, 0.000000, 0.999999, -0.000007, -0.000000, -0.000011, 1.000039),
      ["RightUpperArm"] = CFrame.new(-0.016486, 0.024245, 0.144207, 0.987666, -0.147420, 0.052751, 0.144004, 0.987532, 0.063588, -0.061467, -0.055208, 0.996580),
      ["RightUpperLeg"] = CFrame.new(0.000000, 0.000000, -0.000000, -0.055409, -0.992983, -0.104475, 0.803222, 0.017822, -0.595409, 0.593096, -0.116904, 0.796596),
      ["Torso"] = CFrame.new(0.346162, -1.481228, -2.426138, 0.999433, -0.015378, 0.029958, 0.031964, 0.153319, -0.987660, 0.010595, 0.988057, 0.153723),
      ["UpperTorso"] = CFrame.new(0.217861, -0.127065, 0.016489, 0.999357, -0.022926, 0.027574, -0.017724, 0.352663, 0.935583, -0.031174, -0.935470, 0.352030)
    }},
    {Time = 0.172, Data = {
      ["Head"] = CFrame.new(0.000000, 0.000000, -0.000000, 0.996137, 0.025760, -0.083953, -0.023103, 0.999206, 0.032462, 0.084722, -0.030397, 0.995941),
      ["Head.001"] = CFrame.new(0.000000, -0.000000, 0.000000, -0.996137, -0.083952, 0.025760, 0.023103, 0.032462, 0.999206, -0.084722, 0.995941, -0.030397),
      ["Left Arm"] = CFrame.new(0.861790, -0.318639, 0.194542, -0.058363, 0.942955, -0.327764, -0.989575, -0.097959, -0.105614, -0.131697, 0.318182, 0.938838),
      ["Left Arm.001"] = CFrame.new(-0.000000, 0.000100, -0.000500, 1.000000, 0.000000, 0.000000, 0.000000, 1.000000, -0.000000, 0.000000, -0.000000, 1.000000),
      ["Left Leg"] = CFrame.new(0.159006, 1.261488, -0.194100, 0.024145, -0.169962, 0.985155, -0.681182, 0.718498, 0.140649, -0.731762, -0.674443, -0.098424),
      ["Left Leg.001"] = CFrame.new(0.000000, -0.000200, -0.000000, 1.000000, 0.000000, -0.000000, -0.000000, 1.000000, -0.000000, 0.000000, 0.000000, 1.000000),
      ["LeftFoot"] = CFrame.new(0.000000, 0.027027, -0.000002, 0.979250, 0.063300, -0.192517, -0.159944, 0.824777, -0.542367, 0.124450, 0.561886, 0.817759),
      ["LeftHand"] = CFrame.new(0.000496, 0.006571, -0.000000, 0.979206, 0.175046, -0.102545, -0.157790, 0.974855, 0.157354, 0.127510, -0.137900, 0.982199),
      ["LeftLowerArm"] = CFrame.new(-0.000499, 0.098842, 0.129628, 1.000000, -0.000000, 0.000000, 0.000000, -0.305893, -0.952070, 0.000000, 0.952067, -0.305894),
      ["LeftLowerLeg"] = CFrame.new(0.000000, 0.110965, -0.050324, 1.000000, -0.000000, -0.000000, 0.000000, 0.480299, 0.877137, -0.000000, -0.877118, 0.480294),
      ["LeftUpperArm"] = CFrame.new(-0.019600, 0.048807, 0.157545, 0.938838, -0.028054, -0.343215, 0.105614, 0.972102, 0.209440, 0.327764, -0.232878, 0.915607),
      ["LeftUpperLeg"] = CFrame.new(-0.000000, -0.000000, -0.000100, -0.122301, 0.969234, -0.213573, -0.969551, -0.162679, -0.183047, -0.212163, 0.184705, 0.959624),
      ["LowerTorso"] = CFrame.new(-0.566569, -1.797741, -0.903301, 0.999901, -0.013892, 0.002282, 0.013133, 0.978809, 0.204352, -0.005073, -0.204302, 0.978895),
      ["Right Arm"] = CFrame.new(-0.811998, -0.272650, 0.108992, 0.054705, -0.996200, 0.067765, 0.988017, 0.063817, 0.140566, -0.144357, 0.059264, 0.987750),
      ["Right Arm.001"] = CFrame.new(-0.000000, 0.000000, -0.000000, 1.000000, 0.000000, 0.000000, 0.000000, 1.000000, 0.000000, -0.000000, -0.000000, 1.000000),
      ["Right Leg"] = CFrame.new(-0.277613, 0.186006, -0.705501, -0.315512, 0.058671, -0.947109, 0.938839, 0.164687, -0.302534, 0.138218, -0.984598, -0.107040),
      ["Right Leg.001"] = CFrame.new(-0.000000, 0.000000, 0.000000, 1.000000, -0.000000, 0.000000, 0.000000, 1.000000, -0.000000, -0.000000, 0.000000, 1.000000),
      ["RightFoot"] = CFrame.new(-0.000000, -0.084926, -0.000103, 0.989973, -0.141046, -0.007673, 0.140152, 0.974018, 0.177906, -0.017618, -0.177178, 0.983986),
      ["RightHand"] = CFrame.new(-0.000494, 0.009140, 0.000000, 0.987720, 0.133053, -0.081888, -0.141150, 0.984653, -0.102643, 0.066974, 0.112941, 0.991337),
      ["RightLowerArm"] = CFrame.new(-0.000001, 0.105723, 0.108462, 1.000000, 0.000000, -0.000000, -0.000000, -0.096763, -0.995312, -0.000000, 0.995308, -0.096764),
      ["RightLowerLeg"] = CFrame.new(-0.000000, -0.084631, -0.001118, 1.000000, 0.000000, 0.000000, 0.000000, 0.999999, -0.000007, 0.000000, -0.000011, 1.000039),
      ["RightUpperArm"] = CFrame.new(-0.016527, 0.025963, 0.147356, 0.987750, -0.149413, 0.045017, 0.140566, 0.977201, 0.159120, -0.067765, -0.150843, 0.986231),
      ["RightUpperLeg"] = CFrame.new(0.000000, -0.000000, -0.000000, -0.073919, -0.989360, -0.125308, 0.781303, 0.020632, -0.623807, 0.619759, -0.144012, 0.771463),
      ["Torso"] = CFrame.new(0.347387, -1.508362, -2.489682, 0.999433, -0.015378, 0.029958, 0.031964, 0.153319, -0.987660, 0.010595, 0.988057, 0.153723),
      ["UpperTorso"] = CFrame.new(0.240031, -0.189496, 0.032443, 0.999357, -0.022926, 0.027574, -0.017724, 0.352663, 0.935583, -0.031174, -0.935470, 0.352030)
    }},
    {Time = 0.207, Data = {
      ["Head"] = CFrame.new(0.000000, 0.000000, -0.000000, 0.996137, 0.025760, -0.083953, -0.023103, 0.999206, 0.032462, 0.084722, -0.030397, 0.995941),
      ["Head.001"] = CFrame.new(0.000000, 0.000000, -0.000000, -0.996137, -0.083952, 0.025760, 0.023103, 0.032462, 0.999206, -0.084722, 0.995941, -0.030397),
      ["Left Arm"] = CFrame.new(0.919699, -0.259960, 0.228136, 0.002897, 0.939694, -0.342004, -0.992533, -0.039016, -0.115609, -0.121982, 0.339784, 0.932560),
      ["Left Arm.001"] = CFrame.new(0.000000, 0.000100, -0.000500, 1.000000, -0.000000, 0.000000, 0.000000, 1.000000, 0.000000, 0.000000, -0.000000, 1.000000),
      ["Left Leg"] = CFrame.new(0.232342, 1.273962, -0.131649, 0.023243, -0.129981, 0.991244, -0.650096, 0.751306, 0.113758, -0.759540, -0.647027, -0.067035),
      ["Left Leg.001"] = CFrame.new(-0.000001, -0.000200, 0.000000, 1.000000, -0.000000, 0.000000, 0.000000, 1.000000, 0.000000, 0.000000, 0.000000, 1.000000),
      ["LeftFoot"] = CFrame.new(0.000000, 0.026721, -0.000003, 0.972314, 0.100025, -0.211188, -0.205275, 0.797461, -0.567378, 0.111660, 0.595001, 0.795889),
      ["LeftHand"] = CFrame.new(0.000496, 0.006689, -0.000000, 0.975286, 0.190691, -0.111598, -0.180063, 0.978691, 0.098697, 0.128040, -0.076162, 0.988835),
      ["LeftLowerArm"] = CFrame.new(-0.000499, 0.097865, 0.132538, 1.000000, -0.000000, 0.000000, 0.000000, -0.335318, -0.942109, 0.000000, 0.942106, -0.335320),
      ["LeftLowerLeg"] = CFrame.new(0.000000, 0.109813, -0.048672, 1.000000, -0.000000, -0.000000, 0.000000, 0.497452, 0.867524, -0.000000, -0.867505, 0.497448),
      ["LeftUpperArm"] = CFrame.new(-0.022739, 0.053805, 0.164665, 0.932560, -0.000983, -0.361014, 0.115609, 0.948149, 0.296055, 0.342004, -0.317826, 0.884318),
      ["LeftUpperLeg"] = CFrame.new(-0.000000, 0.000000, -0.000100, -0.091717, 0.983233, -0.157567, -0.966321, -0.126093, -0.224330, -0.240440, 0.131708, 0.961689),
      ["LowerTorso"] = CFrame.new(-0.577609, -1.795590, -0.969571, 0.999901, -0.013892, 0.002282, 0.013133, 0.978809, 0.204352, -0.005073, -0.204302, 0.978895),
      ["Right Arm"] = CFrame.new(-0.864313, -0.230294, 0.109627, 0.100753, -0.992092, 0.074855, 0.984464, 0.110289, 0.136663, -0.143839, 0.059923, 0.987785),
      ["Right Arm.001"] = CFrame.new(-0.000000, -0.000000, 0.000000, 1.000000, 0.000000, -0.000000, -0.000000, 1.000000, 0.000000, -0.000000, 0.000000, 1.000000),
      ["Right Leg"] = CFrame.new(-0.319544, 0.211151, -0.714379, -0.347832, 0.062218, -0.935494, 0.923178, 0.197037, -0.330125, 0.163781, -0.978418, -0.125970),
      ["Right Leg.001"] = CFrame.new(0.000000, 0.000000, 0.000000, 1.000000, -0.000000, -0.000000, 0.000000, 1.000000, -0.000000, -0.000000, 0.000000, 1.000000),
      ["RightFoot"] = CFrame.new(0.000000, -0.095536, -0.000103, 0.993934, -0.105896, 0.029693, 0.100138, 0.983013, 0.153823, -0.045476, -0.149898, 0.987620),
      ["RightHand"] = CFrame.new(-0.000494, 0.009283, 0.000000, 0.988952, 0.126243, -0.077692, -0.136709, 0.979373, -0.148789, 0.057306, 0.157765, 0.985807),
      ["RightLowerArm"] = CFrame.new(-0.000001, 0.105389, 0.111813, 1.000000, 0.000000, -0.000000, -0.000000, -0.130787, -0.991415, -0.000000, 0.991412, -0.130788),
      ["RightLowerLeg"] = CFrame.new(0.000000, -0.095206, -0.001258, 1.000000, 0.000000, -0.000000, 0.000000, 0.999999, -0.000007, -0.000000, -0.000011, 1.000039),
      ["RightUpperArm"] = CFrame.new(-0.016545, 0.027915, 0.150901, 0.987786, -0.150440, 0.040596, 0.136663, 0.961579, 0.238095, -0.074855, -0.229639, 0.970392),
      ["RightUpperLeg"] = CFrame.new(0.000000, 0.000000, -0.000000, -0.092525, -0.984024, -0.152103, 0.761042, 0.028613, -0.648068, 0.642071, -0.175716, 0.746234),
      ["Torso"] = CFrame.new(0.348557, -1.538978, -2.540479, 0.999433, -0.015378, 0.029958, 0.031964, 0.153319, -0.987660, 0.010595, 0.988057, 0.153723),
      ["UpperTorso"] = CFrame.new(0.249023, -0.248744, 0.056547, 0.999357, -0.022926, 0.027574, -0.017724, 0.352663, 0.935583, -0.031174, -0.935470, 0.352030)
    }},
    {Time = 0.241, Data = {
      ["Head"] = CFrame.new(0.000000, 0.000000, -0.000000, 0.996137, 0.025760, -0.083953, -0.023103, 0.999206, 0.032462, 0.084722, -0.030397, 0.995941),
      ["Head.001"] = CFrame.new(0.000000, -0.000000, 0.000000, -0.996137, -0.083952, 0.025760, 0.023103, 0.032462, 0.999206, -0.084722, 0.995941, -0.030397),
      ["Left Arm"] = CFrame.new(0.942661, -0.218323, 0.242835, 0.055736, 0.937295, -0.344052, -0.993004, 0.016094, -0.117019, -0.104145, 0.348166, 0.931630),
      ["Left Arm.001"] = CFrame.new(0.000000, 0.000100, -0.000500, 1.000000, 0.000000, -0.000000, 0.000000, 1.000000, 0.000000, 0.000000, -0.000000, 1.000000),
      ["Left Leg"] = CFrame.new(0.272886, 1.274771, -0.081733, 0.022942, -0.108637, 0.993817, -0.624025, 0.775106, 0.099131, -0.781110, -0.622422, -0.050008),
      ["Left Leg.001"] = CFrame.new(-0.000000, -0.000200, 0.000000, 1.000000, -0.000000, -0.000000, -0.000000, 1.000000, -0.000000, 0.000000, 0.000000, 1.000000),
      ["LeftFoot"] = CFrame.new(0.000000, 0.025298, -0.000003, 0.967856, 0.119816, -0.221133, -0.230467, 0.774559, -0.589019, 0.100705, 0.621027, 0.777250),
      ["LeftHand"] = CFrame.new(0.000496, 0.006656, -0.000000, 0.974696, 0.192944, -0.112872, -0.189128, 0.980980, 0.043690, 0.119155, -0.021237, 0.992644),
      ["LeftLowerArm"] = CFrame.new(-0.000499, 0.098151, 0.131720, 1.000000, -0.000000, 0.000000, 0.000000, -0.327046, -0.945013, 0.000000, 0.945010, -0.327047),
      ["LeftLowerLeg"] = CFrame.new(0.000000, 0.105491, -0.043461, 1.000000, -0.000000, -0.000000, 0.000000, 0.551701, 0.834074, -0.000000, -0.834057, 0.551698),
      ["LeftUpperArm"] = CFrame.new(-0.023204, 0.054510, 0.165689, 0.931630, 0.015449, -0.363079, 0.117019, 0.933129, 0.339965, 0.344052, -0.359209, 0.867522),
      ["LeftUpperLeg"] = CFrame.new(-0.000000, -0.000000, -0.000100, -0.075108, 0.995205, -0.062586, -0.963871, -0.088546, -0.251219, -0.255560, 0.041478, 0.965903),
      ["LowerTorso"] = CFrame.new(-0.581969, -1.783565, -1.061127, 0.999901, -0.013892, 0.002282, 0.013133, 0.978809, 0.204352, -0.005073, -0.204302, 0.978895),
      ["Right Arm"] = CFrame.new(-0.883951, -0.198510, 0.109523, 0.145284, -0.986078, 0.080893, 0.978860, 0.155154, 0.133301, -0.143996, 0.059816, 0.987769),
      ["Right Arm.001"] = CFrame.new(-0.000000, 0.000000, 0.000000, 1.000000, 0.000000, -0.000000, 0.000000, 1.000000, 0.000000, -0.000000, 0.000000, 1.000000),
      ["Right Leg"] = CFrame.new(-0.336779, 0.253920, -0.717614, -0.379410, 0.062610, -0.923112, 0.903129, 0.242010, -0.354757, 0.201186, -0.968250, -0.148361),
      ["Right Leg.001"] = CFrame.new(-0.000000, 0.000000, -0.000000, 1.000000, -0.000000, 0.000000, -0.000000, 1.000000, 0.000000, -0.000000, -0.000000, 1.000000),
      ["RightFoot"] = CFrame.new(-0.000000, -0.106515, -0.000103, 0.995280, -0.068648, 0.068598, 0.060402, 0.991436, 0.115801, -0.075958, -0.111094, 0.990868),
      ["RightHand"] = CFrame.new(-0.000494, 0.009243, 0.000000, 0.989953, 0.120435, -0.074082, -0.132731, 0.972121, -0.193294, 0.048738, 0.201184, 0.978335),
      ["RightLowerArm"] = CFrame.new(-0.000001, 0.105494, 0.110890, 1.000000, 0.000000, -0.000000, -0.000000, -0.121414, -0.992607, -0.000000, 0.992603, -0.121414),
      ["RightLowerLeg"] = CFrame.new(-0.000000, -0.106148, -0.001403, 1.000000, -0.000000, 0.000000, -0.000000, 0.999999, -0.000007, 0.000000, -0.000011, 1.000039),
      ["RightUpperArm"] = CFrame.new(-0.016537, 0.029596, 0.153919, 0.987769, -0.150193, 0.041890, 0.133301, 0.952776, 0.272853, -0.080893, -0.263932, 0.961142),
      ["RightUpperLeg"] = CFrame.new(0.000000, -0.000000, -0.000000, -0.114678, -0.974905, -0.190813, 0.741168, 0.043926, -0.669878, 0.661453, -0.218242, 0.717528),
      ["Torso"] = CFrame.new(0.349672, -1.572913, -2.560331, 0.999433, -0.015378, 0.029958, 0.031964, 0.153319, -0.987660, 0.010595, 0.988057, 0.153723),
      ["UpperTorso"] = CFrame.new(0.251558, -0.291763, 0.106445, 0.999357, -0.022926, 0.027574, -0.017724, 0.352663, 0.935583, -0.031174, -0.935470, 0.352030)
    }},
    {Time = 0.276, Data = {
      ["Head"] = CFrame.new(0.000000, 0.000000, -0.000000, 0.996137, 0.025760, -0.083953, -0.023103, 0.999206, 0.032462, 0.084722, -0.030397, 0.995941),
      ["Head.001"] = CFrame.new(0.000000, -0.000000, 0.000000, -0.996137, -0.083952, 0.025760, 0.023103, 0.032462, 0.999206, -0.084722, 0.995941, -0.030397),
      ["Left Arm"] = CFrame.new(0.941151, -0.194746, 0.241203, 0.098486, 0.936438, -0.336725, -0.991665, 0.064086, -0.111815, -0.083129, 0.344930, 0.934940),
      ["Left Arm.001"] = CFrame.new(0.000000, 0.000100, -0.000500, 1.000000, -0.000000, -0.000000, -0.000000, 1.000000, 0.000000, 0.000000, -0.000000, 1.000000),
      ["Left Leg"] = CFrame.new(0.354125, 1.215995, -0.092048, 0.032046, -0.064671, 0.997392, -0.635976, 0.768519, 0.070261, -0.771086, -0.636551, -0.016501),
      ["Left Leg.001"] = CFrame.new(0.000000, -0.000200, -0.000000, 1.000000, 0.000000, -0.000000, 0.000000, 1.000000, -0.000000, 0.000000, -0.000000, 1.000000),
      ["LeftFoot"] = CFrame.new(0.000000, 0.020858, -0.000003, 0.957663, 0.158501, -0.240332, -0.270930, 0.778506, -0.566149, 0.097364, 0.607270, 0.788465),
      ["LeftHand"] = CFrame.new(0.000496, 0.006521, 0.000000, 0.976792, 0.184878, -0.108155, -0.186428, 0.982459, -0.004320, 0.105458, 0.024383, 0.994120),
      ["LeftLowerArm"] = CFrame.new(-0.000499, 0.099233, 0.128373, 1.000000, -0.000000, 0.000000, 0.000000, -0.293206, -0.956054, 0.000000, 0.956051, -0.293207),
      ["LeftLowerLeg"] = CFrame.new(-0.000000, 0.091788, -0.030806, 1.000000, -0.000000, -0.000000, 0.000000, 0.683233, 0.730231, -0.000000, -0.730218, 0.683237),
      ["LeftUpperArm"] = CFrame.new(-0.021549, 0.051907, 0.162025, 0.934941, 0.021660, -0.354143, 0.111815, 0.929286, 0.352030, 0.336725, -0.368725, 0.866404),
      ["LeftUpperLeg"] = CFrame.new(-0.000000, 0.000000, -0.000100, -0.042382, 0.995332, 0.086693, -0.957629, -0.015735, -0.287572, -0.284870, -0.095188, 0.953825),
      ["LowerTorso"] = CFrame.new(-0.547627, -1.714038, -1.173683, 0.999901, -0.013892, 0.002282, 0.013133, 0.978809, 0.204352, -0.005073, -0.204302, 0.978895),
      ["Right Arm"] = CFrame.new(-0.879954, -0.178709, 0.108776, 0.185548, -0.978888, 0.085730, 0.971944, 0.195666, 0.130575, -0.144594, 0.059096, 0.987725),
      ["Right Arm.001"] = CFrame.new(-0.000000, -0.000000, 0.000000, 1.000000, -0.000000, -0.000000, 0.000000, 1.000000, 0.000000, 0.000000, -0.000000, 1.000000),
      ["Right Leg"] = CFrame.new(-0.386161, 0.326137, -0.686815, -0.395894, 0.036414, -0.917580, 0.878988, 0.304387, -0.367137, 0.265928, -0.951850, -0.152507),
      ["Right Leg.001"] = CFrame.new(-0.000000, -0.000000, 0.000000, 1.000000, 0.000000, -0.000000, -0.000000, 1.000000, 0.000000, 0.000000, 0.000000, 1.000000),
      ["RightFoot"] = CFrame.new(0.000000, -0.103820, -0.000103, 0.994760, -0.046780, 0.090910, 0.042238, 0.997793, 0.051267, -0.093104, -0.047144, 0.994505),
      ["RightHand"] = CFrame.new(-0.000494, 0.009078, 0.000000, 0.990723, 0.115777, -0.071161, -0.129390, 0.963724, -0.233440, 0.041552, 0.240481, 0.969759),
      ["RightLowerArm"] = CFrame.new(-0.000001, 0.105831, 0.107015, 1.000000, 0.000000, -0.000000, -0.000000, -0.082074, -0.996631, -0.000000, 0.996627, -0.082074),
      ["RightLowerLeg"] = CFrame.new(-0.000000, -0.103462, -0.001368, 1.000000, -0.000000, 0.000000, -0.000000, 0.999999, -0.000007, -0.000000, -0.000011, 1.000039),
      ["RightUpperArm"] = CFrame.new(-0.016515, 0.030958, 0.156338, 0.987725, -0.148956, 0.047029, 0.130575, 0.952601, 0.274776, -0.085730, -0.265263, 0.960356),
      ["RightUpperLeg"] = CFrame.new(0.000000, 0.000000, 0.000000, -0.118690, -0.959224, -0.256519, 0.731699, 0.090142, -0.675637, 0.671215, -0.267884, 0.691162),
      ["Torso"] = CFrame.new(0.350726, -1.609486, -2.557728, 0.999433, -0.015378, 0.029958, 0.031964, 0.153319, -0.987660, 0.010595, 0.988057, 0.153723),
      ["UpperTorso"] = CFrame.new(0.214901, -0.372300, 0.167068, 0.999357, -0.022926, 0.027574, -0.017724, 0.352663, 0.935583, -0.031174, -0.935470, 0.352030)
    }},
    {Time = 0.310, Data = {
      ["Head"] = CFrame.new(0.000000, 0.000000, -0.000000, 0.996137, 0.025760, -0.083953, -0.023103, 0.999206, 0.032462, 0.084722, -0.030397, 0.995941),
      ["Head.001"] = CFrame.new(0.000000, -0.000000, -0.000000, -0.996137, -0.083952, 0.025760, 0.023103, 0.032462, 0.999206, -0.084722, 0.995941, -0.030397),
      ["Left Arm"] = CFrame.new(0.935681, -0.173194, 0.237350, 0.141262, 0.933776, -0.328796, -0.988014, 0.112071, -0.106202, -0.062321, 0.339855, 0.938411),
      ["Left Arm.001"] = CFrame.new(-0.000000, 0.000100, -0.000500, 1.000000, -0.000000, 0.000000, -0.000000, 1.000000, 0.000000, 0.000000, -0.000000, 1.000000),
      ["Left Leg"] = CFrame.new(0.476065, 1.040810, -0.211991, 0.042571, 0.002919, 0.999089, -0.715949, 0.697594, 0.028464, -0.696901, -0.716487, 0.031786),
      ["Left Leg.001"] = CFrame.new(0.000000, -0.000200, 0.000000, 1.000000, -0.000000, 0.000000, 0.000000, 1.000000, 0.000000, -0.000000, 0.000000, 1.000000),
      ["LeftFoot"] = CFrame.new(-0.000000, 0.012022, -0.000003, 0.939680, 0.213634, -0.267136, -0.319211, 0.828317, -0.460429, 0.122908, 0.517910, 0.846520),
      ["LeftHand"] = CFrame.new(0.000496, 0.006368, -0.000000, 0.978950, 0.176167, -0.103066, -0.182213, 0.981859, -0.052457, 0.091954, 0.070133, 0.993285),
      ["LeftLowerArm"] = CFrame.new(-0.000499, 0.100313, 0.124526, 1.000000, -0.000000, 0.000000, 0.000000, -0.254322, -0.967124, 0.000000, 0.967121, -0.254323),
      ["LeftLowerLeg"] = CFrame.new(0.000000, 0.060080, -0.012312, 1.000000, -0.000000, -0.000000, 0.000000, 0.873852, 0.486213, -0.000000, -0.486209, 0.873873),
      ["LeftUpperArm"] = CFrame.new(-0.019814, 0.049101, 0.158061, 0.938411, 0.026161, -0.344530, 0.106201, 0.927021, 0.359657, 0.328796, -0.374096, 0.867147),
      ["LeftUpperLeg"] = CFrame.new(-0.000000, -0.000000, -0.000100, 0.004869, 0.958947, 0.283551, -0.945332, 0.096869, -0.311385, -0.326073, -0.266519, 0.906992),
      ["LowerTorso"] = CFrame.new(-0.463314, -1.603062, -1.276456, 0.999901, -0.013892, 0.002282, 0.013133, 0.978809, 0.204352, -0.005073, -0.204302, 0.978895),
      ["Right Arm"] = CFrame.new(-0.872203, -0.159877, 0.107916, 0.226719, -0.969730, 0.090677, 0.963049, 0.237104, 0.127779, -0.145412, 0.058356, 0.987649),
      ["Right Arm.001"] = CFrame.new(0.000000, 0.000000, 0.000000, 1.000000, -0.000000, -0.000000, 0.000000, 1.000000, 0.000000, -0.000000, -0.000000, 1.000000),
      ["Right Leg"] = CFrame.new(-0.479458, 0.404752, -0.614479, -0.390844, -0.011853, -0.920386, 0.852796, 0.371726, -0.366902, 0.346481, -0.928265, -0.135174),
      ["Right Leg.001"] = CFrame.new(0.000000, -0.000000, 0.000000, 1.000000, 0.000000, -0.000000, -0.000000, 1.000000, 0.000000, -0.000000, -0.000000, 1.000000),
      ["RightFoot"] = CFrame.new(-0.000000, -0.082108, -0.000103, 0.994618, -0.043078, 0.094231, 0.045826, 0.998581, -0.027192, -0.092923, 0.031376, 0.995144),
      ["RightHand"] = CFrame.new(-0.000494, 0.008889, -0.000000, 0.991479, 0.111007, -0.068166, -0.125608, 0.953369, -0.274427, 0.034523, 0.280650, 0.959184),
      ["RightLowerArm"] = CFrame.new(-0.000001, 0.106026, 0.102586, 1.000000, 0.000000, -0.000000, -0.000000, -0.037114, -0.999316, -0.000000, 0.999312, -0.037115),
      ["RightLowerLeg"] = CFrame.new(-0.000000, -0.081824, -0.001080, 1.000000, -0.000000, 0.000000, 0.000000, 0.999999, -0.000007, -0.000000, -0.000011, 1.000038),
      ["RightUpperArm"] = CFrame.new(-0.016477, 0.032357, 0.158812, 0.987649, -0.147476, 0.052919, 0.127779, 0.953581, 0.272683, -0.090677, -0.262553, 0.960646),
