return {
  ["Rots - flip TO down smoothed long"] = {
    {Time = 0.000, Data = {
      ["Head"] = CFrame.new(0.000000, -0.000000, -0.000000, 0.994909, 0.016024, -0.099498, -0.031777, 0.986794, -0.158830, 0.095639, 0.161183, 0.982280),
      ["Head.001"] = CFrame.new(0.000000, -0.000000, -0.000000, -0.994909, -0.099498, 0.016024, 0.031777, -0.158830, 0.986794, -0.095639, 0.982280, 0.161183),
      ["Left Arm"] = CFrame.new(0.385197, 0.210594, 0.041096, 0.969268, -0.159027, -0.187722, 0.129851, 0.978754, -0.158682, 0.208969, 0.129429, 0.969320),
      ["Left Arm.001"] = CFrame.new(0.000000, 0.000100, -0.000500, 1.000000, 0.000000, -0.000000, 0.000000, 1.000000, -0.000000, 0.000000, -0.000000, 1.000000),
      ["Left Leg"] = CFrame.new(-0.264672, 0.761719, 0.252391, 0.773248, 0.633392, -0.030715, -0.630877, 0.763401, -0.138703, -0.064408, 0.126625, 0.989858),
      ["Left Leg.001"] = CFrame.new(0.000000, -0.000200, -0.000000, 1.000000, -0.000000, 0.000000, 0.000000, 1.000000, 0.000000, 0.000000, -0.000000, 1.000000),
      ["LeftFoot"] = CFrame.new(0.000000, 0.026767, -0.000002, 0.982739, 0.040122, -0.180592, -0.139886, 0.799980, -0.583494, 0.121055, 0.598664, 0.791759),
      ["LeftHand"] = CFrame.new(0.000502, -0.003377, 0.000001, 0.972511, 0.201058, -0.117469, -0.135986, 0.080862, -0.987405, -0.189026, 0.976232, 0.105978),
      ["LeftLowerArm"] = CFrame.new(-0.000500, 0.036335, 0.008026, 1.000000, -0.000000, -0.000000, 0.000000, 0.919383, -0.393368, 0.000000, 0.393364, 0.919387),
      ["LeftLowerLeg"] = CFrame.new(0.000000, 0.109991, -0.048922, 1.000000, -0.000000, -0.000000, 0.000000, 0.494848, 0.869012, -0.000000, -0.868992, 0.494845),
      ["LeftUpperArm"] = CFrame.new(-0.004360, 0.075341, 0.087524, 0.969320, -0.036794, -0.243034, 0.158682, 0.848770, 0.504390, 0.187722, -0.527480, 0.828567),
      ["LeftUpperLeg"] = CFrame.new(-0.000000, 0.000000, -0.000100, 0.989417, 0.009065, 0.144818, 0.143081, -0.226905, -0.963352, 0.024128, 0.973872, -0.225781),
      ["LowerTorso"] = CFrame.new(-0.105599, -0.329641, -0.371443, 0.999987, 0.001656, -0.004871, 0.004531, 0.164888, 0.986302, 0.002436, -0.986311, 0.164879),
      ["Right Arm"] = CFrame.new(-0.302481, 0.090480, -0.034795, 0.935108, 0.317716, 0.156966, -0.301572, 0.946068, -0.118368, -0.186109, 0.063350, 0.980485),
      ["Right Arm.001"] = CFrame.new(0.000000, 0.000000, 0.000000, 1.000000, -0.000000, -0.000000, -0.000000, 1.000000, -0.000000, -0.000000, 0.000000, 1.000000),
      ["Right Leg"] = CFrame.new(-0.191754, 0.536164, -0.059070, 0.323734, -0.916035, -0.236824, 0.896208, 0.377132, -0.233737, 0.303437, -0.136571, 0.943017),
      ["Right Leg.001"] = CFrame.new(-0.000000, 0.000000, 0.000000, 1.000000, 0.000000, 0.000000, 0.000000, 1.000000, -0.000000, 0.000000, 0.000000, 1.000000),
      ["RightFoot"] = CFrame.new(0.000000, 0.020866, -0.000103, 0.929139, 0.179394, 0.323293, -0.135503, 0.978784, -0.153689, -0.343993, 0.098984, 0.933705),
      ["RightHand"] = CFrame.new(-0.000556, -0.084474, 0.000000, 0.977863, -0.176770, 0.111968, 0.092357, -0.115537, -0.989000, 0.187761, 0.977443, -0.096655),
      ["RightLowerArm"] = CFrame.new(-0.000002, -0.083766, 0.000376, 1.000000, 0.000000, 0.000000, 0.000000, 1.000000, -0.000001, -0.000000, -0.000000, 1.000005),
      ["RightLowerLeg"] = CFrame.new(0.000000, 0.091122, -0.030590, 1.000000, 0.000000, 0.000000, -0.000000, 0.686541, 0.727121, 0.000000, -0.727107, 0.686547),
      ["RightUpperArm"] = CFrame.new(-0.012895, 0.155430, 0.191956, 0.980485, 0.063350, 0.186108, -0.118368, 0.946067, 0.301571, -0.156966, -0.317716, 0.935103),
      ["RightUpperLeg"] = CFrame.new(0.000000, 0.000000, -0.000000, 0.947759, -0.299165, -0.110696, -0.240895, -0.443798, -0.863148, 0.209097, 0.844712, -0.492665),
      ["Torso"] = CFrame.new(-0.042305, -1.301191, -1.049447, 0.999940, -0.010063, 0.004215, 0.006338, 0.221371, -0.975169, 0.008880, 0.975138, 0.221422),
      ["UpperTorso"] = CFrame.new(0.150259, -0.035527, 0.087766, 0.999872, -0.005587, 0.015021, 0.006443, 0.998323, -0.057535, -0.014675, 0.057625, 0.998230)
    }},
    {Time = 0.034, Data = {
      ["Head"] = CFrame.new(-0.000000, 0.000000, 0.000000, 0.994908, 0.015934, -0.099519, -0.032502, 0.985394, -0.167158, 0.095402, 0.169542, 0.980895),
      ["Head.001"] = CFrame.new(0.000000, 0.000000, -0.000000, -0.994908, -0.099519, 0.015934, 0.032502, -0.167158, 0.985394, -0.095402, 0.980895, 0.169542),
      ["Left Arm"] = CFrame.new(0.437819, 0.234467, 0.053719, 0.980775, -0.070540, -0.181973, 0.042854, 0.987479, -0.151816, 0.190404, 0.141098, 0.971513),
      ["Left Arm.001"] = CFrame.new(0.000000, 0.000100, -0.000500, 1.000000, -0.000000, 0.000000, -0.000000, 1.000000, 0.000000, -0.000000, -0.000000, 1.000000),
      ["Left Leg"] = CFrame.new(-0.270339, 0.771439, 0.255459, 0.781352, 0.623466, -0.028648, -0.620672, 0.771326, -0.140876, -0.065737, 0.127851, 0.989613),
      ["Left Leg.001"] = CFrame.new(0.000000, -0.000200, -0.000000, 1.000000, 0.000000, -0.000000, -0.000000, 1.000000, -0.000000, -0.000000, 0.000000, 1.000000),
      ["LeftFoot"] = CFrame.new(-0.000000, 0.027031, -0.000002, 0.982517, 0.041749, -0.181433, -0.140237, 0.806941, -0.573743, 0.122448, 0.589135, 0.798661),
      ["LeftHand"] = CFrame.new(0.000501, -0.002107, 0.000000, 0.974593, 0.193390, -0.112996, -0.145888, 0.165294, -0.975395, -0.169954, 0.967094, 0.189305),
      ["LeftLowerArm"] = CFrame.new(-0.000500, 0.048121, 0.013359, 1.000000, -0.000000, -0.000000, 0.000000, 0.866050, -0.499961, 0.000000, 0.499958, 0.866054),
      ["LeftLowerLeg"] = CFrame.new(0.000000, 0.110984, -0.050352, 1.000000, -0.000000, -0.000000, 0.000000, 0.480006, 0.877298, -0.000000, -0.877277, 0.480002),
      ["LeftUpperArm"] = CFrame.new(-0.003263, 0.071908, 0.084649, 0.971513, -0.027004, -0.235441, 0.151816, 0.833781, 0.530812, 0.181973, -0.551435, 0.814128),
      ["LeftUpperLeg"] = CFrame.new(0.000000, 0.000000, -0.000100, 0.989128, 0.012063, 0.146564, 0.145406, -0.229263, -0.962446, 0.021992, 0.973287, -0.228504),
      ["LowerTorso"] = CFrame.new(-0.105436, -0.337628, -0.374041, 0.999987, 0.001655, -0.004868, 0.004535, 0.162471, 0.986703, 0.002424, -0.986712, 0.162461),
      ["Right Arm"] = CFrame.new(-0.295264, 0.098872, -0.034181, 0.938027, 0.309948, 0.155067, -0.294384, 0.948686, -0.115467, -0.182900, 0.062662, 0.981133),
      ["Right Arm.001"] = CFrame.new(-0.000000, 0.000000, 0.000000, 1.000000, 0.000000, -0.000000, 0.000000, 1.000000, 0.000000, -0.000000, 0.000000, 1.000000),
      ["Right Leg"] = CFrame.new(-0.198818, 0.566153, -0.055223, 0.341631, -0.908746, -0.239748, 0.888902, 0.395265, -0.231665, 0.305300, -0.133965, 0.942789),
      ["Right Leg.001"] = CFrame.new(-0.000000, -0.000000, 0.000000, 1.000000, 0.000000, 0.000000, 0.000000, 1.000000, -0.000000, 0.000000, 0.000000, 1.000000),
      ["RightFoot"] = CFrame.new(0.000000, 0.022187, -0.000103, 0.929118, 0.179434, 0.323332, -0.132155, 0.977760, -0.162851, -0.345350, 0.108571, 0.932137),
      ["RightHand"] = CFrame.new(-0.000548, -0.073094, 0.000000, 0.978550, -0.174022, 0.110251, 0.091710, -0.111228, -0.989554, 0.184466, 0.978435, -0.092883),
      ["RightLowerArm"] = CFrame.new(-0.000002, -0.072412, 0.000316, 1.000000, 0.000000, 0.000000, 0.000000, 1.000000, -0.000001, -0.000000, -0.000000, 1.000006),
      ["RightLowerLeg"] = CFrame.new(0.000000, 0.094832, -0.033422, 1.000000, 0.000000, 0.000000, -0.000000, 0.657072, 0.753859, 0.000000, -0.753844, 0.657075),
      ["RightUpperArm"] = CFrame.new(-0.013219, 0.153980, 0.191007, 0.981133, 0.062662, 0.182899, -0.115467, 0.948686, 0.294383, -0.155067, -0.309948, 0.938022),
      ["RightUpperLeg"] = CFrame.new(0.000000, 0.000000, -0.000000, 0.947564, -0.302993, -0.101579, -0.238689, -0.459710, -0.855398, 0.212483, 0.834780, -0.507910),
      ["Torso"] = CFrame.new(-0.042231, -1.304368, -1.060695, 0.999940, -0.010063, 0.004215, 0.006304, 0.217597, -0.976018, 0.008905, 0.975987, 0.217648),
      ["UpperTorso"] = CFrame.new(0.150022, -0.035839, 0.087664, 0.999872, -0.005594, 0.015016, 0.006429, 0.998403, -0.056119, -0.014679, 0.056209, 0.998311)
    }},
    {Time = 0.069, Data = {
      ["Head"] = CFrame.new(-0.000000, 0.000000, 0.000000, 0.994906, 0.015674, -0.099576, -0.034576, 0.980971, -0.191049, 0.094686, 0.193519, 0.976517),
      ["Head.001"] = CFrame.new(0.000000, 0.000000, 0.000000, -0.994907, -0.099576, 0.015674, 0.034576, -0.191049, 0.980971, -0.094686, 0.976517, 0.193519),
      ["Left Arm"] = CFrame.new(0.550132, 0.261317, 0.073207, 0.975164, 0.143931, -0.168367, -0.167503, 0.976539, -0.135333, 0.144939, 0.160173, 0.976390),
      ["Left Arm.001"] = CFrame.new(0.000000, 0.000100, -0.000500, 1.000000, 0.000000, -0.000000, 0.000000, 1.000000, 0.000000, -0.000000, -0.000000, 1.000000),
      ["Left Leg"] = CFrame.new(-0.285960, 0.796116, 0.263538, 0.802242, 0.596597, -0.022868, -0.593025, 0.791771, -0.146434, -0.069258, 0.131032, 0.988956),
      ["Left Leg.001"] = CFrame.new(0.000000, -0.000200, 0.000000, 1.000000, -0.000000, -0.000000, -0.000000, 1.000000, 0.000000, 0.000000, -0.000000, 1.000000),
      ["LeftFoot"] = CFrame.new(0.000000, 0.027720, -0.000002, 0.981901, 0.046127, -0.183693, -0.141071, 0.825266, -0.546841, 0.126367, 0.562838, 0.816810),
      ["LeftHand"] = CFrame.new(0.000500, -0.000195, 0.000000, 0.979207, 0.175148, -0.102361, -0.160616, 0.361118, -0.918584, -0.123923, 0.915920, 0.381737),
      ["LeftLowerArm"] = CFrame.new(-0.000500, 0.069789, 0.028605, 1.000000, -0.000000, -0.000000, 0.000000, 0.713311, -0.700852, 0.000000, 0.700848, 0.713314),
      ["LeftLowerLeg"] = CFrame.new(0.000000, 0.113444, -0.054118, 1.000000, -0.000000, -0.000000, 0.000000, 0.440882, 0.897598, -0.000000, -0.897576, 0.440877),
      ["LeftUpperArm"] = CFrame.new(-0.000824, 0.063667, 0.077847, 0.976390, -0.012673, -0.215642, 0.135333, 0.813969, 0.564925, 0.168367, -0.580770, 0.796465),
      ["LeftUpperLeg"] = CFrame.new(0.000000, 0.000000, -0.000100, 0.988351, 0.020172, 0.150853, 0.151359, -0.234074, -0.960368, 0.015939, 0.972007, -0.234380),
      ["LowerTorso"] = CFrame.new(-0.104924, -0.359157, -0.381094, 0.999987, 0.001654, -0.004860, 0.004544, 0.155466, 0.987831, 0.002389, -0.987840, 0.155457),
      ["Right Arm"] = CFrame.new(-0.275803, 0.121562, -0.032579, 0.946241, 0.286841, 0.149531, -0.272869, 0.956055, -0.107245, -0.173724, 0.060677, 0.982924),
      ["Right Arm.001"] = CFrame.new(0.000000, -0.000000, -0.000000, 1.000000, -0.000000, 0.000000, 0.000000, 1.000000, 0.000000, 0.000000, -0.000000, 1.000000),
      ["Right Leg"] = CFrame.new(-0.216637, 0.646857, -0.045648, 0.389934, -0.886743, -0.248293, 0.866921, 0.444418, -0.225807, 0.310590, -0.127197, 0.941999),
      ["Right Leg.001"] = CFrame.new(0.000000, -0.000000, -0.000000, 1.000000, -0.000000, -0.000000, -0.000000, 1.000000, -0.000000, -0.000000, 0.000000, 1.000000),
      ["RightFoot"] = CFrame.new(0.000000, 0.024928, -0.000103, 0.928899, 0.179843, 0.323734, -0.123477, 0.974551, -0.187093, -0.349130, 0.133810, 0.927436),
      ["RightHand"] = CFrame.new(-0.000528, -0.042304, -0.000000, 0.980456, -0.166158, 0.105341, 0.089847, -0.098174, -0.991105, 0.175020, 0.981196, -0.081328),
      ["RightLowerArm"] = CFrame.new(-0.000001, -0.041742, 0.000161, 1.000000, 0.000000, 0.000000, -0.000000, 1.000000, -0.000001, -0.000000, -0.000000, 1.000006),
      ["RightLowerLeg"] = CFrame.new(0.000000, 0.103516, -0.041611, 1.000000, 0.000000, 0.000000, -0.000000, 0.571974, 0.820304, 0.000000, -0.820287, 0.571972),
      ["RightUpperArm"] = CFrame.new(-0.014114, 0.149868, 0.188239, 0.982924, 0.060677, 0.173723, -0.107245, 0.956055, 0.272869, -0.149531, -0.286840, 0.946235),
      ["RightUpperLeg"] = CFrame.new(0.000000, 0.000000, -0.000000, 0.946870, -0.312500, -0.076034, -0.232399, -0.501406, -0.833425, 0.222322, 0.806803, -0.547375),
      ["Torso"] = CFrame.new(-0.042029, -1.313034, -1.091720, 0.999940, -0.010063, 0.004215, 0.006204, 0.206663, -0.978392, 0.008975, 0.978360, 0.206713),
      ["UpperTorso"] = CFrame.new(0.149307, -0.036746, 0.087320, 0.999872, -0.005613, 0.015003, 0.006387, 0.998625, -0.052032, -0.014690, 0.052121, 0.998533)
    }},
    {Time = 0.103, Data = {
      ["Head"] = CFrame.new(0.000000, -0.000000, 0.000000, 0.994905, 0.015257, -0.099653, -0.037842, 0.972719, -0.228878, 0.093442, 0.231483, 0.968341),
      ["Head.001"] = CFrame.new(0.000000, 0.000000, 0.000000, -0.994905, -0.099653, 0.015257, 0.037842, -0.228878, 0.972719, -0.093442, 0.968341, 0.231483),
      ["Left Arm"] = CFrame.new(0.662393, 0.229486, 0.079907, 0.897671, 0.413525, -0.152283, -0.431703, 0.894596, -0.115476, 0.088480, 0.169400, 0.981568),
      ["Left Arm.001"] = CFrame.new(-0.000000, 0.000100, -0.000500, 1.000000, 0.000000, 0.000000, -0.000000, 1.000000, 0.000000, -0.000000, -0.000000, 1.000000),
      ["Left Leg"] = CFrame.new(-0.309844, 0.828196, 0.274722, 0.830412, 0.557016, -0.013909, -0.552246, 0.819407, -0.153679, -0.074207, 0.135293, 0.988023),
      ["Left Leg.001"] = CFrame.new(-0.000000, -0.000200, -0.000000, 1.000000, 0.000000, 0.000000, -0.000000, 1.000000, -0.000000, -0.000000, 0.000000, 1.000000),
      ["LeftFoot"] = CFrame.new(0.000000, 0.028629, -0.000002, 0.980960, 0.052503, -0.186977, -0.141993, 0.850721, -0.506075, 0.132490, 0.522972, 0.841950),
      ["LeftHand"] = CFrame.new(0.000499, 0.001496, -0.000000, 0.984070, 0.153464, -0.089746, -0.164215, 0.591269, -0.789578, -0.068108, 0.791736, 0.607047),
      ["LeftLowerArm"] = CFrame.new(-0.000500, 0.087003, 0.048904, 1.000000, -0.000000, -0.000000, 0.000000, 0.509439, -0.860511, 0.000000, 0.860507, 0.509441),
      ["LeftLowerLeg"] = CFrame.new(-0.000000, 0.116464, -0.059351, 1.000000, -0.000000, -0.000000, 0.000000, 0.386458, 0.922340, -0.000000, -0.922317, 0.386452),
      ["LeftUpperArm"] = CFrame.new(0.001765, 0.053738, 0.069805, 0.981568, -0.010162, -0.190844, 0.115476, 0.827223, 0.549880, 0.152283, -0.561783, 0.813147),
      ["LeftUpperLeg"] = CFrame.new(-0.000000, -0.000000, -0.000100, 0.987237, 0.031941, 0.156020, 0.159128, -0.237011, -0.958390, 0.006367, 0.970979, -0.239048),
      ["LowerTorso"] = CFrame.new(-0.104023, -0.390581, -0.391502, 0.999987, 0.001651, -0.004848, 0.004559, 0.144237, 0.989533, 0.002333, -0.989542, 0.144228),
      ["Right Arm"] = CFrame.new(-0.322824, 0.179407, -0.017382, 0.972574, 0.185406, 0.140476, -0.173235, 0.980335, -0.094508, -0.155237, 0.067580, 0.985563),
      ["Right Arm.001"] = CFrame.new(-0.000000, -0.000000, 0.000000, 1.000000, -0.000000, -0.000000, 0.000000, 1.000000, 0.000000, 0.000000, -0.000000, 1.000000),
      ["Right Leg"] = CFrame.new(-0.238631, 0.759209, -0.034639, 0.457933, -0.849324, -0.262601, 0.829740, 0.514373, -0.216789, 0.319211, -0.118611, 0.940236),
      ["Right Leg.001"] = CFrame.new(0.000000, 0.000000, 0.000000, 1.000000, 0.000000, 0.000000, -0.000000, 1.000000, 0.000000, -0.000000, 0.000000, 1.000000),
      ["RightFoot"] = CFrame.new(0.000000, 0.027936, -0.000102, 0.927972, 0.181564, 0.325426, -0.112480, 0.969017, -0.219898, -0.355256, 0.167450, 0.919612),
      ["RightHand"] = CFrame.new(-0.000504, -0.005480, 0.000000, 0.983283, -0.153738, 0.097571, 0.096932, -0.011664, -0.995223, 0.154141, 0.988038, 0.003432),
      ["RightLowerArm"] = CFrame.new(0.000000, 0.008071, 0.000853, 1.000000, 0.000000, 0.000000, -0.000000, 0.991303, -0.131601, -0.000000, 0.131599, 0.991308),
      ["RightLowerLeg"] = CFrame.new(0.000000, 0.113295, -0.054299, 1.000000, 0.000000, 0.000000, -0.000000, 0.440038, 0.898012, 0.000000, -0.897991, 0.440032),
      ["RightUpperArm"] = CFrame.new(-0.015434, 0.143500, 0.183712, 0.985563, 0.046564, 0.162779, -0.094508, 0.949012, 0.300740, -0.140476, -0.311783, 0.939711),
      ["RightUpperLeg"] = CFrame.new(0.000000, 0.000000, -0.000000, 0.945273, -0.324099, -0.037685, -0.222566, -0.556044, -0.800809, 0.238588, 0.765356, -0.597730),
      ["Torso"] = CFrame.new(-0.041730, -1.325832, -1.138463, 0.999940, -0.010063, 0.004215, 0.006042, 0.189119, -0.981936, 0.009084, 0.981903, 0.189168),
      ["UpperTorso"] = CFrame.new(0.148107, -0.038203, 0.086664, 0.999872, -0.005644, 0.014981, 0.006320, 0.998944, -0.045497, -0.014708, 0.045586, 0.998852)
    }},
    {Time = 0.138, Data = {
      ["Head"] = CFrame.new(0.000000, 0.000000, -0.000000, 0.994906, 0.014695, -0.099731, -0.042130, 0.959389, -0.278924, 0.091582, 0.281705, 0.955121),
      ["Head.001"] = CFrame.new(0.000000, -0.000000, -0.000000, -0.994906, -0.099731, 0.014695, 0.042130, -0.278924, 0.959389, -0.091582, 0.955121, 0.281705),
      ["Left Arm"] = CFrame.new(0.725762, 0.110457, 0.069233, 0.723893, 0.676124, -0.137253, -0.689111, 0.718217, -0.096417, 0.033388, 0.164377, 0.985832),
      ["Left Arm.001"] = CFrame.new(0.000000, 0.000100, -0.000500, 1.000000, 0.000000, -0.000000, -0.000000, 1.000000, 0.000000, 0.000000, 0.000000, 1.000000),
      ["Left Leg"] = CFrame.new(-0.340287, 0.860813, 0.286795, 0.860735, 0.509094, -0.002403, -0.502827, 0.849320, -0.160740, -0.079794, 0.139558, 0.986994),
      ["Left Leg.001"] = CFrame.new(-0.000000, -0.000200, -0.000000, 1.000000, -0.000000, 0.000000, -0.000000, 1.000000, -0.000000, -0.000000, 0.000000, 1.000000),
      ["LeftFoot"] = CFrame.new(-0.000000, 0.029499, -0.000002, 0.979783, 0.060034, -0.190845, -0.142507, 0.878950, -0.455127, 0.140415, 0.473108, 0.869704),
      ["LeftHand"] = CFrame.new(0.000498, 0.003317, 0.000000, 0.988039, 0.133063, -0.077928, -0.153424, 0.797553, -0.583413, -0.015479, 0.588389, 0.808424),
      ["LeftLowerArm"] = CFrame.new(-0.000500, 0.096546, 0.066603, 1.000000, -0.000000, -0.000000, 0.000000, 0.330853, -0.943687, 0.000000, 0.943683, 0.330854),
      ["LeftLowerLeg"] = CFrame.new(0.000000, 0.119244, -0.065153, 1.000000, -0.000000, -0.000000, 0.000000, 0.326120, 0.945362, -0.000000, -0.945336, 0.326113),
      ["LeftUpperArm"] = CFrame.new(0.003897, 0.044209, 0.062289, 0.985832, -0.022877, -0.166166, 0.096416, 0.887923, 0.449775, 0.137253, -0.459424, 0.877547),
      ["LeftUpperLeg"] = CFrame.new(0.000000, 0.000000, -0.000100, 0.985990, 0.045692, 0.160426, 0.166689, -0.234018, -0.957840, -0.006222, 0.971155, -0.238335),
      ["LowerTorso"] = CFrame.new(-0.102693, -0.428248, -0.404187, 0.999987, 0.001648, -0.004832, 0.004579, 0.129144, 0.991615, 0.002258, -0.991625, 0.129134),
      ["Right Arm"] = CFrame.new(-0.538765, 0.267734, 0.019458, 0.988507, -0.080409, 0.128050, 0.090898, 0.992781, -0.078262, -0.120833, 0.089001, 0.988675),
      ["Right Arm.001"] = CFrame.new(0.000000, -0.000000, -0.000000, 1.000000, 0.000000, -0.000000, -0.000000, 1.000000, 0.000000, 0.000000, -0.000000, 1.000000),
      ["Right Leg"] = CFrame.new(-0.257031, 0.885692, -0.025652, 0.535868, -0.795371, -0.283274, 0.776363, 0.596046, -0.205022, 0.331925, -0.110053, 0.936868),
      ["Right Leg.001"] = CFrame.new(0.000000, 0.000000, 0.000000, 1.000000, 0.000000, 0.000000, -0.000000, 1.000000, 0.000000, -0.000000, 0.000000, 1.000000),
      ["RightFoot"] = CFrame.new(0.000000, 0.030412, -0.000102, 0.925590, 0.185933, 0.329714, -0.101662, 0.961151, -0.256622, -0.364607, 0.204005, 0.908502),
      ["RightHand"] = CFrame.new(-0.000500, -0.000232, -0.000000, 0.986648, -0.137466, 0.087346, 0.117494, 0.229358, -0.966224, 0.112789, 0.963582, 0.242444),
      ["RightLowerArm"] = CFrame.new(-0.000000, 0.053186, 0.015380, 1.000000, 0.000000, 0.000000, -0.000000, 0.845702, -0.533661, -0.000000, 0.533656, 0.845705),
      ["RightLowerLeg"] = CFrame.new(0.000000, 0.121044, -0.070153, 1.000000, 0.000000, 0.000000, -0.000000, 0.275085, 0.961454, 0.000000, -0.961427, 0.275076),
      ["RightUpperArm"] = CFrame.new(-0.016990, 0.135377, 0.177498, 0.988675, 0.010786, 0.149684, -0.078262, 0.888103, 0.452933, -0.128050, -0.459518, 0.878888),
      ["RightUpperLeg"] = CFrame.new(0.000000, -0.000000, -0.000000, 0.942149, -0.335052, 0.009742, -0.209448, -0.611167, -0.763299, 0.261700, 0.717084, -0.645970),
      ["Torso"] = CFrame.new(-0.041368, -1.341346, -1.196878, 0.999940, -0.010063, 0.004215, 0.005822, 0.165489, -0.986194, 0.009227, 0.986160, 0.165538),
      ["UpperTorso"] = CFrame.new(0.146413, -0.040156, 0.085624, 0.999872, -0.005684, 0.014952, 0.006230, 0.999306, -0.036730, -0.014733, 0.036819, 0.999213)
    }},
    {Time = 0.172, Data = {
      ["Head"] = CFrame.new(-0.000000, -0.000000, -0.000000, 0.994910, 0.014003, -0.099786, -0.047247, 0.939515, -0.339233, 0.089001, 0.342221, 0.935395),
      ["Head.001"] = CFrame.new(0.000000, -0.000000, -0.000000, -0.994910, -0.099786, 0.014003, 0.047247, -0.339233, 0.939515, -0.089001, 0.935395, 0.342221),
      ["Left Arm"] = CFrame.new(0.694484, -0.072070, 0.045131, 0.474201, 0.871519, -0.124857, -0.880349, 0.467542, -0.079992, -0.011339, 0.147849, 0.988945),
      ["Left Arm.001"] = CFrame.new(-0.000000, 0.000100, -0.000500, 1.000000, -0.000000, 0.000000, 0.000000, 1.000000, 0.000000, -0.000000, 0.000000, 1.000000),
      ["Left Leg"] = CFrame.new(-0.374677, 0.888714, 0.297279, 0.888955, 0.457924, 0.010672, -0.450056, 0.877480, -0.165813, -0.085298, 0.142593, 0.986099),
      ["Left Leg.001"] = CFrame.new(0.000000, -0.000200, 0.000000, 1.000000, 0.000000, -0.000000, -0.000000, 1.000000, 0.000000, -0.000000, 0.000000, 1.000000),
      ["LeftFoot"] = CFrame.new(-0.000000, 0.030252, -0.000002, 0.978507, 0.067718, -0.194780, -0.141987, 0.906231, -0.398230, 0.149542, 0.417315, 0.896336),
      ["LeftHand"] = CFrame.new(0.000497, 0.003900, -0.000000, 0.990904, 0.116044, -0.068144, -0.132188, 0.934230, -0.331270, 0.025220, 0.337264, 0.941067),
      ["LeftLowerArm"] = CFrame.new(-0.000500, 0.099676, 0.075923, 1.000000, -0.000000, -0.000000, 0.000000, 0.236830, -0.971556, 0.000000, 0.971552, 0.236831),
      ["LeftLowerLeg"] = CFrame.new(0.000000, 0.121428, -0.070625, 1.000000, -0.000000, -0.000000, 0.000000, 0.269153, 0.963131, -0.000000, -0.963104, 0.269145),
      ["LeftUpperArm"] = CFrame.new(0.005453, 0.035996, 0.056091, 0.988945, -0.046032, -0.140957, 0.079992, 0.966028, 0.245748, 0.124857, -0.254307, 0.959029),
      ["LeftUpperLeg"] = CFrame.new(0.000000, 0.000000, -0.000100, 0.984864, 0.059507, 0.162796, 0.172064, -0.222342, -0.959668, -0.020910, 0.973148, -0.229195),
      ["LowerTorso"] = CFrame.new(-0.100896, -0.468511, -0.418076, 0.999987, 0.001644, -0.004814, 0.004603, 0.110546, 0.993860, 0.002166, -0.993870, 0.110537),
      ["Right Arm"] = CFrame.new(-0.687005, 0.299050, 0.034699, 0.945818, -0.304568, 0.112575, 0.312416, 0.948061, -0.059829, -0.088506, 0.091757, 0.991841),
      ["Right Arm.001"] = CFrame.new(-0.000000, 0.000000, 0.000000, 1.000000, -0.000000, 0.000000, -0.000000, 1.000000, 0.000000, 0.000000, -0.000000, 1.000000),
      ["Right Leg"] = CFrame.new(-0.262704, 1.013256, -0.019999, 0.616358, -0.723421, -0.311100, 0.705401, 0.682809, -0.190319, 0.350115, -0.102139, 0.931126),
      ["Right Leg.001"] = CFrame.new(-0.000000, 0.000000, 0.000000, 1.000000, 0.000000, 0.000000, -0.000000, 1.000000, 0.000000, 0.000000, -0.000000, 1.000000),
      ["RightFoot"] = CFrame.new(0.000000, 0.032075, -0.000102, 0.920868, 0.194363, 0.337972, -0.092129, 0.950807, -0.295773, -0.378820, 0.241230, 0.893440),
      ["RightHand"] = CFrame.new(-0.000498, 0.002346, 0.000000, 0.990122, -0.118270, 0.075300, 0.118441, 0.418148, -0.900624, 0.075030, 0.900643, 0.428022),
      ["RightLowerArm"] = CFrame.new(-0.000000, 0.078711, 0.035811, 1.000000, 0.000000, 0.000000, -0.000000, 0.640231, -0.768187, -0.000000, 0.768183, 0.640234),
      ["RightLowerLeg"] = CFrame.new(0.000000, 0.125171, -0.087422, 1.000000, 0.000000, 0.000000, -0.000000, 0.095452, 0.995470, 0.000000, -0.995437, 0.095439),
      ["RightUpperArm"] = CFrame.new(-0.018573, 0.126161, 0.169761, 0.991841, -0.009243, 0.127150, -0.059829, 0.846968, 0.528267, -0.112574, -0.531564, 0.839503),
      ["RightUpperLeg"] = CFrame.new(0.000000, 0.000000, -0.000000, 0.936739, -0.344372, 0.062663, -0.192625, -0.656664, -0.729182, 0.292260, 0.670966, -0.681442),
      ["Torso"] = CFrame.new(-0.040974, -1.358122, -1.262920, 0.999940, -0.010063, 0.004215, 0.005547, 0.136302, -0.990652, 0.009394, 0.990616, 0.136350),
      ["UpperTorso"] = CFrame.new(0.144219, -0.042542, 0.084119, 0.999872, -0.005733, 0.014918, 0.006119, 0.999645, -0.025941, -0.014764, 0.026029, 0.999552)
    }},
    {Time = 0.207, Data = {
      ["Head"] = CFrame.new(0.000000, -0.000000, 0.000000, 0.994920, 0.013196, -0.099796, -0.052967, 0.911665, -0.407505, 0.085603, 0.410721, 0.907734),
      ["Head.001"] = CFrame.new(0.000000, 0.000000, -0.000000, -0.994920, -0.099796, 0.013196, 0.052966, -0.407505, 0.911665, -0.085603, 0.907734, 0.410721),
      ["Left Arm"] = CFrame.new(0.556761, -0.239009, 0.016704, 0.219006, 0.968855, -0.115567, -0.974909, 0.212429, -0.066604, -0.039981, 0.127253, 0.991064),
      ["Left Arm.001"] = CFrame.new(-0.000000, 0.000100, -0.000500, 1.000000, 0.000000, -0.000000, 0.000000, 1.000000, 0.000000, -0.000000, -0.000000, 1.000000),
      ["Left Leg"] = CFrame.new(-0.409637, 0.909544, 0.303899, 0.912216, 0.409080, 0.023853, -0.399783, 0.901182, -0.167502, -0.090022, 0.143257, 0.985583),
      ["Left Leg.001"] = CFrame.new(0.000000, -0.000200, 0.000000, 1.000000, -0.000000, -0.000000, 0.000000, 1.000000, 0.000000, -0.000000, 0.000000, 1.000000),
      ["LeftFoot"] = CFrame.new(-0.000000, 0.030571, -0.000002, 0.977337, 0.074394, -0.198188, -0.139826, 0.929782, -0.340522, 0.158933, 0.360508, 0.919079),
      ["LeftHand"] = CFrame.new(0.000497, 0.003762, -0.000000, 0.992831, 0.102970, -0.060690, -0.108768, 0.988863, -0.101580, 0.049554, 0.107454, 0.992970),
      ["LeftLowerArm"] = CFrame.new(-0.000499, 0.099239, 0.074515, 1.000000, -0.000000, -0.000000, 0.000000, 0.251069, -0.967974, 0.000000, 0.967970, 0.251070),
      ["LeftLowerLeg"] = CFrame.new(-0.000000, 0.122738, -0.075103, 1.000000, -0.000000, -0.000000, 0.000000, 0.222683, 0.974926, -0.000000, -0.974896, 0.222674),
      ["LeftUpperArm"] = CFrame.new(0.006513, 0.029302, 0.051446, 0.991064, -0.070649, -0.113139, 0.066604, 0.997011, -0.039143, 0.115567, 0.031259, 0.992807),
      ["LeftUpperLeg"] = CFrame.new(-0.000000, 0.000000, -0.000100, 0.984133, 0.071536, 0.162375, 0.173704, -0.201804, -0.963902, -0.036186, 0.976807, -0.211007),
      ["LowerTorso"] = CFrame.new(-0.098593, -0.507721, -0.432102, 0.999987, 0.001639, -0.004796, 0.004632, 0.088808, 0.996038, 0.002058, -0.996047, 0.088799),
      ["Right Arm"] = CFrame.new(-0.791985, 0.283829, 0.036332, 0.860349, -0.500788, 0.094954, 0.506008, 0.861563, -0.040847, -0.061354, 0.083190, 0.994643),
      ["Right Arm.001"] = CFrame.new(0.000000, -0.000000, -0.000000, 1.000000, 0.000000, 0.000000, 0.000000, 1.000000, 0.000000, 0.000000, -0.000000, 1.000000),
      ["Right Leg"] = CFrame.new(-0.244569, 1.132670, -0.016319, 0.693853, -0.631278, -0.346525, 0.614747, 0.769845, -0.171630, 0.375130, -0.093932, 0.922206),
      ["Right Leg.001"] = CFrame.new(0.000000, 0.000000, 0.000000, 1.000000, 0.000000, 0.000000, 0.000000, 1.000000, -0.000000, 0.000000, 0.000000, 1.000000),
      ["RightFoot"] = CFrame.new(-0.000000, 0.033247, -0.000101, 0.912889, 0.207975, 0.351254, -0.083229, 0.937235, -0.338623, -0.399619, 0.279889, 0.872868),
      ["RightHand"] = CFrame.new(-0.000496, 0.005495, 0.000000, 0.993270, -0.097606, 0.062345, 0.107425, 0.575239, -0.810901, 0.043285, 0.812138, 0.581850),
      ["RightLowerArm"] = CFrame.new(-0.000001, 0.094120, 0.055816, 1.000000, 0.000000, 0.000000, -0.000000, 0.437534, -0.899206, -0.000000, 0.899203, 0.437536),
      ["RightLowerLeg"] = CFrame.new(0.000000, 0.125723, -0.104203, 1.000000, 0.000000, 0.000000, -0.000000, -0.079207, 0.996896, 0.000000, -0.996857, -0.079223),
      ["RightUpperArm"] = CFrame.new(-0.019974, 0.116669, 0.160951, 0.994643, -0.018771, 0.101649, -0.040846, 0.831964, 0.553324, -0.094954, -0.554512, 0.826739),
      ["RightUpperLeg"] = CFrame.new(0.000000, 0.000000, -0.000000, 0.928238, -0.353001, 0.117312, -0.170716, -0.684467, -0.708786, 0.330500, 0.637879, -0.695598),
      ["Torso"] = CFrame.new(-0.040580, -1.374689, -1.332526, 0.999941, -0.010063, 0.004215, 0.005221, 0.102110, -0.994759, 0.009580, 0.994722, 0.102157),
      ["UpperTorso"] = CFrame.new(0.141516, -0.045288, 0.082069, 0.999873, -0.005789, 0.014880, 0.005988, 0.999893, -0.013351, -0.014801, 0.013438, 0.999800)
    }},
    {Time = 0.241, Data = {
      ["Head"] = CFrame.new(-0.000000, 0.000000, -0.000000, 0.994938, 0.012297, -0.099736, -0.059034, 0.874699, -0.481057, 0.081323, 0.484510, 0.870998),
      ["Head.001"] = CFrame.new(0.000000, 0.000000, 0.000000, -0.994938, -0.099736, 0.012297, 0.059034, -0.481057, 0.874699, -0.081323, 0.870998, 0.484510),
      ["Left Arm"] = CFrame.new(0.367950, -0.322886, -0.006370, 0.022346, 0.993743, -0.109429, -0.998302, 0.016282, -0.056006, -0.053874, 0.110494, 0.992416),
      ["Left Arm.001"] = CFrame.new(0.000000, 0.000100, -0.000500, 1.000000, -0.000000, -0.000000, 0.000000, 1.000000, 0.000000, 0.000000, 0.000000, 1.000000),
      ["Left Leg"] = CFrame.new(-0.439991, 0.922277, 0.304753, 0.928668, 0.369303, 0.035288, -0.359049, 0.918594, -0.165164, -0.093416, 0.140708, 0.985635),
      ["Left Leg.001"] = CFrame.new(-0.000000, -0.000200, -0.000000, 1.000000, 0.000000, 0.000000, 0.000000, 1.000000, 0.000000, -0.000000, -0.000000, 1.000000),
      ["LeftFoot"] = CFrame.new(0.000000, 0.030864, -0.000002, 0.976534, 0.078798, -0.200432, -0.135428, 0.948309, -0.287004, 0.167449, 0.307407, 0.936693),
      ["LeftHand"] = CFrame.new(0.000498, 0.003176, 0.000000, 0.994047, 0.093776, -0.055472, -0.090823, 0.994426, 0.053556, 0.060184, -0.048197, 0.997018),
      ["LeftLowerArm"] = CFrame.new(-0.000500, 0.095910, 0.065102, 1.000000, -0.000000, -0.000000, 0.000000, 0.346009, -0.938236, 0.000000, 0.938232, 0.346010),
      ["LeftLowerLeg"] = CFrame.new(-0.000000, 0.123501, -0.077964, 1.000000, -0.000000, -0.000000, 0.000000, 0.192936, 0.981246, -0.000000, -0.981216, 0.192926),
      ["LeftUpperArm"] = CFrame.new(0.007188, 0.024003, 0.048377, 0.992416, -0.088778, -0.085028, 0.056006, 0.942268, -0.330143, 0.109429, 0.322878, 0.940092),
      ["LeftUpperLeg"] = CFrame.new(0.000000, 0.000000, -0.000100, 0.984019, 0.080107, 0.159027, 0.170888, -0.173906, -0.969824, -0.050034, 0.981496, -0.184795),
      ["LowerTorso"] = CFrame.new(-0.095745, -0.542233, -0.445198, 0.999987, 0.001633, -0.004778, 0.004663, 0.064303, 0.997919, 0.001937, -0.997929, 0.064295),
      ["Right Arm"] = CFrame.new(-0.861579, 0.226006, 0.030207, 0.738944, -0.669391, 0.076694, 0.672508, 0.739732, -0.023102, -0.041269, 0.068649, 0.996787),
      ["Right Arm.001"] = CFrame.new(0.000000, 0.000000, 0.000000, 1.000000, 0.000000, 0.000000, -0.000000, 1.000000, 0.000000, -0.000000, -0.000000, 1.000000),
      ["Right Leg"] = CFrame.new(-0.189297, 1.236235, -0.009802, 0.763372, -0.516063, -0.388556, 0.501544, 0.852556, -0.147051, 0.407168, -0.082617, 0.909615),
      ["Right Leg.001"] = CFrame.new(0.000000, -0.000000, 0.000000, 1.000000, -0.000000, -0.000000, 0.000000, 1.000000, 0.000000, -0.000000, 0.000000, 1.000000),
      ["RightFoot"] = CFrame.new(0.000000, 0.034073, -0.000101, 0.901045, 0.226916, 0.369630, -0.072226, 0.918825, -0.388003, -0.427654, 0.322907, 0.844260),
      ["RightHand"] = CFrame.new(-0.000495, 0.007177, -0.000000, 0.995765, -0.077361, 0.049668, 0.089897, 0.706321, -0.702160, 0.019239, 0.703648, 0.710281),
      ["RightLowerArm"] = CFrame.new(-0.000000, 0.101749, 0.073071, 1.000000, 0.000000, 0.000000, -0.000000, 0.262452, -0.964950, -0.000000, 0.964946, 0.262453),
      ["RightLowerLeg"] = CFrame.new(0.000000, 0.123559, -0.118801, 1.000000, 0.000000, 0.000000, -0.000000, -0.231208, 0.972942, 0.000000, -0.972900, -0.231228),
      ["RightUpperArm"] = CFrame.new(-0.021046, 0.107797, 0.151821, 0.996787, -0.021805, 0.077073, -0.023102, 0.843075, 0.537300, -0.076694, -0.537354, 0.839861),
      ["RightUpperLeg"] = CFrame.new(0.000000, 0.000000, -0.000000, 0.916126, -0.363710, 0.168599, -0.141423, -0.686749, -0.713015, 0.375118, 0.629354, -0.680573),
      ["Torso"] = CFrame.new(-0.040218, -1.389573, -1.401610, 0.999940, -0.010063, 0.004215, 0.004846, 0.063511, -0.997969, 0.009775, 0.997930, 0.063556),
      ["UpperTorso"] = CFrame.new(0.138299, -0.048306, 0.079394, 0.999873, -0.005851, 0.014839, 0.005840, 0.999983, 0.000806, -0.014844, -0.000720, 0.999890)
    }},
    {Time = 0.276, Data = {
      ["Head"] = CFrame.new(-0.000000, -0.000000, -0.000000, 0.994964, 0.011335, -0.099589, -0.065174, 0.828028, -0.556885, 0.076150, 0.560572, 0.824597),
      ["Head.001"] = CFrame.new(0.000000, -0.000000, -0.000000, -0.994964, -0.099589, 0.011335, 0.065174, -0.556885, 0.828028, -0.076150, 0.824597, 0.560572),
      ["Left Arm"] = CFrame.new(0.201846, -0.330547, -0.020476, -0.109205, 0.988302, -0.106464, -0.992244, -0.114787, -0.047796, -0.059458, 0.100418, 0.993167),
      ["Left Arm.001"] = CFrame.new(0.000000, 0.000100, -0.000500, 1.000000, -0.000000, 0.000000, 0.000000, 1.000000, -0.000000, 0.000000, -0.000000, 1.000000),
      ["Left Leg"] = CFrame.new(-0.460329, 0.928677, 0.299022, 0.937639, 0.345010, 0.043093, -0.334504, 0.928880, -0.159053, -0.094908, 0.134716, 0.986329),
      ["Left Leg.001"] = CFrame.new(0.000000, -0.000200, 0.000000, 1.000000, 0.000000, 0.000000, 0.000000, 1.000000, 0.000000, 0.000000, -0.000000, 1.000000),
      ["LeftFoot"] = CFrame.new(0.000000, 0.030992, -0.000002, 0.976372, 0.079667, -0.200874, -0.128535, 0.961351, -0.243485, 0.173706, 0.263547, 0.948842),
      ["LeftHand"] = CFrame.new(0.000499, 0.001871, 0.000000, 0.994716, 0.088301, -0.052370, -0.080438, 0.987318, 0.136868, 0.063791, -0.131930, 0.989200),
      ["LeftLowerArm"] = CFrame.new(-0.000500, 0.090180, 0.054155, 1.000000, -0.000000, -0.000000, 0.000000, 0.456616, -0.889669, 0.000000, 0.889665, 0.456618),
      ["LeftLowerLeg"] = CFrame.new(0.000000, 0.123764, -0.078990, 1.000000, -0.000000, -0.000000, 0.000000, 0.182236, 0.983290, -0.000000, -0.983259, 0.182226),
      ["LeftUpperArm"] = CFrame.new(0.007564, 0.019898, 0.046894, 0.993167, -0.098750, -0.062189, 0.047796, 0.830346, -0.555194, 0.106464, 0.548429, 0.829392),
      ["LeftUpperLeg"] = CFrame.new(0.000000, 0.000000, -0.000100, 0.984625, 0.084276, 0.153011, 0.163928, -0.143192, -0.976026, -0.060346, 0.986098, -0.154785),
      ["LowerTorso"] = CFrame.new(-0.092313, -0.568406, -0.456293, 0.999987, 0.001627, -0.004762, 0.004698, 0.037413, 0.999289, 0.001804, -0.999299, 0.037404),
      ["Right Arm"] = CFrame.new(-0.889916, 0.134320, 0.021093, 0.595296, -0.801280, 0.059801, 0.802987, 0.595944, -0.008241, -0.029034, 0.052926, 0.998176),
      ["Right Arm.001"] = CFrame.new(0.000000, -0.000000, -0.000000, 1.000000, -0.000000, 0.000000, -0.000000, 1.000000, -0.000000, 0.000000, -0.000000, 1.000000),
      ["Right Leg"] = CFrame.new(-0.085902, 1.313948, 0.006978, 0.818879, -0.376865, -0.432957, 0.364753, 0.924043, -0.114504, 0.443238, -0.064152, 0.894113),
      ["Right Leg.001"] = CFrame.new(-0.000000, 0.000000, -0.000000, 1.000000, 0.000000, -0.000000, -0.000000, 1.000000, 0.000000, 0.000000, -0.000000, 1.000000),
      ["RightFoot"] = CFrame.new(-0.000000, 0.034718, -0.000100, 0.885974, 0.249201, 0.391087, -0.054981, 0.893841, -0.445003, -0.460449, 0.372750, 0.805591),
      ["RightHand"] = CFrame.new(-0.000495, 0.007982, 0.000000, 0.997472, -0.059653, 0.038602, 0.070952, 0.807277, -0.585893, 0.003788, 0.587148, 0.809465),
      ["RightLowerArm"] = CFrame.new(-0.000001, 0.104733, 0.085338, 1.000000, 0.000000, -0.000000, 0.000000, 0.137975, -0.990440, -0.000000, 0.990437, 0.137976),
      ["RightLowerLeg"] = CFrame.new(0.000000, 0.120173, -0.129965, 1.000000, 0.000000, 0.000000, -0.000000, -0.347571, 0.937689, 0.000000, -0.937649, -0.347595),
      ["RightUpperArm"] = CFrame.new(-0.021741, 0.100367, 0.143374, 0.998176, -0.021454, 0.056425, -0.008241, 0.877529, 0.479453, -0.059801, -0.479043, 0.875751),
      ["RightUpperLeg"] = CFrame.new(0.000000, 0.000000, -0.000000, 0.901083, -0.379891, 0.209114, -0.102364, -0.654949, -0.748716, 0.421391, 0.653238, -0.629040),
      ["Torso"] = CFrame.new(-0.039920, -1.401323, -1.466048, 0.999940, -0.010063, 0.004215, 0.004427, 0.021160, -0.999766, 0.009971, 0.999725, 0.021203),
      ["UpperTorso"] = CFrame.new(0.134559, -0.051499, 0.076020, 0.999873, -0.005919, 0.014797, 0.005678, 0.999852, 0.016274, -0.014892, -0.016187, 0.999758)
    }},
    {Time = 0.310, Data = {
      ["Head"] = CFrame.new(-0.000000, -0.000000, -0.000000, 0.995000, 0.010342, -0.099342, -0.071106, 0.771830, -0.631840, 0.070141, 0.635744, 0.768706),
      ["Head.001"] = CFrame.new(0.000000, -0.000000, 0.000000, -0.995000, -0.099342, 0.010342, 0.071106, -0.631840, 0.771830, -0.070141, 0.768706, 0.635744),
      ["Left Arm"] = CFrame.new(0.100465, -0.319600, -0.027065, -0.207096, 0.972453, -0.106999, -0.976279, -0.212490, -0.041650, -0.063240, 0.095835, 0.993386),
      ["Left Arm.001"] = CFrame.new(0.000000, 0.000100, -0.000500, 1.000000, 0.000000, 0.000000, -0.000000, 1.000000, -0.000000, 0.000000, -0.000000, 1.000000),
      ["Left Leg"] = CFrame.new(-0.465261, 0.931247, 0.286903, 0.938594, 0.342047, 0.045850, -0.332059, 0.931237, -0.150141, -0.094057, 0.125693, 0.987601),
      ["Left Leg.001"] = CFrame.new(0.000000, -0.000200, 0.000000, 1.000000, 0.000000, 0.000000, 0.000000, 1.000000, -0.000000, 0.000000, -0.000000, 1.000000),
      ["LeftFoot"] = CFrame.new(0.000000, 0.030890, -0.000002, 0.977069, 0.075880, -0.198946, -0.119288, 0.969022, -0.216260, 0.176366, 0.235030, 0.955818),
      ["LeftHand"] = CFrame.new(0.000499, 0.001464, 0.000000, 0.994909, 0.086656, -0.051451, -0.075900, 0.980154, 0.183134, 0.066299, -0.178294, 0.981737),
      ["LeftLowerArm"] = CFrame.new(-0.000500, 0.086717, 0.048466, 1.000000, -0.000000, -0.000000, 0.000000, 0.513851, -0.857884, 0.000000, 0.857880, 0.513853),
      ["LeftLowerLeg"] = CFrame.new(-0.000000, 0.123557, -0.078178, 1.000000, -0.000000, -0.000000, 0.000000, 0.190696, 0.981684, -0.000000, -0.981654, 0.190687),
      ["LeftUpperArm"] = CFrame.new(0.007674, 0.016825, 0.047162, 0.993386, -0.103496, -0.049719, 0.041650, 0.728338, -0.683950, 0.106999, 0.677357, 0.727831),
      ["LeftUpperLeg"] = CFrame.new(0.000000, 0.000000, -0.000100, 0.985900, 0.083798, 0.144845, 0.153991, -0.115598, -0.981288, -0.065487, 0.989752, -0.126851),
      ["LowerTorso"] = CFrame.new(-0.088258, -0.582605, -0.464306, 0.999987, 0.001621, -0.004749, 0.004735, 0.008530, 0.999952, 0.001662, -0.999962, 0.008522),
      ["Right Arm"] = CFrame.new(-0.873088, 0.027682, 0.012987, 0.452037, -0.890790, 0.046447, 0.891699, 0.452629, 0.002597, -0.023336, 0.040242, 0.998917),
      ["Right Arm.001"] = CFrame.new(0.000000, 0.000000, 0.000000, 1.000000, 0.000000, 0.000000, -0.000000, 1.000000, -0.000000, 0.000000, -0.000000, 1.000000),
      ["Right Leg"] = CFrame.new(0.065652, 1.351505, 0.039508, 0.854344, -0.220529, -0.470649, 0.211077, 0.974697, -0.073581, 0.474984, -0.036476, 0.879247),
      ["Right Leg.001"] = CFrame.new(0.000000, -0.000000, 0.000000, 1.000000, 0.000000, 0.000000, 0.000000, 1.000000, 0.000000, -0.000000, 0.000000, 1.000000),
      ["RightFoot"] = CFrame.new(0.000000, 0.035137, -0.000100, 0.871128, 0.269514, 0.410486, -0.029183, 0.862860, -0.504601, -0.490172, 0.427581, 0.759499),
      ["RightHand"] = CFrame.new(-0.000494, 0.008269, -0.000000, 0.998458, -0.046457, 0.030391, 0.055350, 0.875149, -0.480677, -0.004265, 0.481616, 0.876367),
      ["RightLowerArm"] = CFrame.new(-0.000001, 0.105529, 0.091251, 1.000000, 0.000000, -0.000000, -0.000000, 0.077978, -0.996960, -0.000000, 0.996956, 0.077978),
      ["RightLowerLeg"] = CFrame.new(0.000000, 0.117223, -0.136921, 1.000000, 0.000000, 0.000000, -0.000000, -0.420112, 0.907506, 0.000000, -0.907467, -0.420137),
      ["RightUpperArm"] = CFrame.new(-0.022111, 0.094948, 0.136696, 0.998917, -0.020127, 0.041939, 0.002597, 0.924275, 0.381718, -0.046446, -0.381196, 0.923326),
